0.89	1.30	1.13	2.23	1.44	1.09	1.23	0.96	0.68	0.85	1.03	0.94	0.96	1.03	1.21	0.78	0.54	2.15	2.77	1.29	1.11	1.08	1.14	1.28	0.63	1.70	1.46	1.47	1.28	1.53	1.46	1.08	0.78	1.07	1.44
0.78	0.56	0.88	0.96	1.07	1.09	0.99	0.86	0.52	1.14	1.08	1.10	1.25	1.46	0.84	1.16	0.80	0.38	2.51	1.83	1.81	1.34	1.03	1.42	1.03	1.51	1.42	1.50	1.39	1.40	1.40	1.45	1.22	1.64	1.41
0.80	0.84	0.51	1.00	0.79	0.80	1.37	1.08	0.65	0.62	0.57	1.06	0.77	1.36	1.39	0.88	0.84	0.58	0.95	1.57	1.75	2.06	1.74	1.36	1.50	2.01	1.23	1.90	1.36	1.54	1.29	1.41	1.50	1.44	2.03
0.78	0.74	0.83	0.83	0.78	0.88	0.93	0.97	1.19	0.55	0.63	1.05	0.81	1.25	1.00	0.97	0.75	0.52	0.96	0.99	1.00	1.80	2.08	1.42	1.46	1.94	1.58	1.56	1.54	1.65	1.46	1.63	1.54	1.57	1.48
0.78	0.78	0.73	0.70	0.95	1.09	1.59	3.52	2.96	1.44	1.19	0.99	0.89	0.50	1.57	0.78	1.01	0.94	1.02	1.02	0.62	1.17	1.53	1.42	1.53	1.23	1.70	1.42	1.40	1.51	1.47	1.43	1.46	1.45	1.54
0.88	1.09	1.20	1.07	0.82	1.18	1.43	2.03	2.75	1.16	0.73	0.87	0.91	1.01	0.89	0.55	0.76	1.11	0.47	0.79	0.48	0.16	0.88	1.40	1.34	1.41	0.92	1.52	1.53	1.62	1.70	1.57	1.69	1.68	1.54
1.09	1.06	1.20	1.16	1.18	0.81	0.65	0.85	0.74	0.69	0.24	0.56	1.24	1.38	1.05	1.00	0.73	0.65	0.76	0.51	0.95	0.99	1.04	0.24	0.44	1.15	0.90	0.62	0.60	0.94	2.13	3.12	1.59	1.61	1.36
1.04	1.09	1.04	0.83	0.60	0.94	1.21	1.34	1.21	1.24	0.91	0.60	1.30	0.97	1.00	1.03	1.21	1.37	1.14	0.96	0.88	1.11	1.40	1.37	0.67	1.05	1.43	1.38	0.84	0.56	1.11	1.79	2.36	0.99	0.52
0.91	1.10	0.89	1.14	1.32	1.25	0.78	0.89	2.07	0.68	1.32	0.75	0.97	1.14	0.88	1.22	1.30	1.15	1.09	0.93	0.82	0.40	1.39	1.18	0.92	0.98	1.66	1.71	1.77	1.79	1.30	0.86	0.77	0.89	1.16
0.57	1.30	0.85	1.41	1.40	1.37	0.98	1.06	0.83	1.29	1.20	0.92	0.92	2.83	1.46	0.90	0.78	0.92	1.15	0.80	0.62	0.38	1.48	1.40	1.12	0.98	1.60	1.41	1.47	1.62	1.49	1.95	1.75	0.81	1.26
0.40	0.44	0.45	0.83	0.99	3.01	1.12	1.15	1.50	1.27	1.21	1.00	0.62	0.88	0.97	1.16	1.58	0.95	1.03	0.41	0.63	0.54	1.26	1.65	1.34	0.91	1.45	1.52	1.50	1.59	1.32	1.55	1.67	1.63	1.36
0.71	0.71	0.33	0.32	0.67	0.86	1.10	0.99	1.24	1.36	1.13	0.95	0.87	0.72	0.62	0.78	1.02	1.01	1.24	0.45	0.66	0.82	1.80	1.78	1.66	1.95	1.30	1.52	1.50	1.68	1.49	1.88	2.06	2.14	1.50
0.33	0.59	0.71	0.54	0.64	0.41	1.19	1.18	1.37	1.04	1.18	1.10	1.06	1.05	0.96	1.05	0.69	0.76	0.67	0.51	0.73	1.14	1.69	1.42	1.12	0.78	1.58	1.16	1.54	1.30	1.27	1.44	1.91	1.99	1.68
0.44	0.45	0.93	0.86	0.72	0.85	0.96	0.87	1.13	1.09	1.07	1.20	1.29	1.25	1.14	1.25	1.18	0.68	0.82	0.93	0.96	1.05	1.51	1.52	1.26	1.05	0.71	1.76	0.68	1.47	1.43	2.46	1.69	1.57	1.50
2.38	0.90	1.00	1.36	1.05	1.00	0.91	0.98	1.06	0.94	1.23	1.12	1.09	1.16	1.02	1.13	1.36	1.13	1.73	0.83	0.70	0.67	2.46	1.47	1.12	1.62	1.14	1.29	1.18	0.79	0.70	1.19	3.69	1.40	1.55
1.40	0.73	1.26	1.60	1.72	1.31	1.21	0.99	0.80	0.52	0.95	0.82	0.96	1.19	1.28	1.11	1.03	0.98	1.28	1.01	0.76	0.99	1.84	1.33	0.89	1.66	1.60	1.50	1.65	1.68	2.92	1.59	0.60	1.14	1.49
1.33	0.90	1.65	1.14	1.05	1.23	1.16	0.95	1.09	0.71	0.88	0.92	0.82	1.08	1.06	1.16	0.90	1.01	1.19	1.15	0.66	0.64	1.16	1.49	1.45	1.58	1.35	1.44	1.37	1.54	1.53	3.55	0.67	0.58	0.96
1.10	1.78	2.22	1.55	1.21	1.46	1.30	0.97	0.99	0.68	0.83	0.98	0.82	0.74	1.09	0.83	1.00	0.75	1.31	1.18	0.82	0.65	1.15	1.34	1.51	1.37	1.42	1.28	1.40	1.62	1.65	1.55	0.50	1.44	1.16
1.12	2.20	1.56	1.35	1.62	1.25	0.95	0.91	0.92	0.96	1.04	1.14	0.78	0.70	0.94	0.82	0.99	1.14	1.08	1.08	0.94	0.66	1.38	1.20	1.37	1.38	1.49	1.25	1.15	1.34	1.50	0.86	1.31	3.30	2.39
2.65	1.65	1.90	1.91	1.80	1.91	1.13	1.08	0.91	1.62	1.33	1.43	1.40	0.83	0.95	0.83	0.98	0.74	0.78	0.86	0.75	0.82	1.51	1.35	1.23	1.13	1.23	1.41	1.44	1.29	1.85	0.97	1.15	1.42	0.99
2.51	1.89	1.81	2.15	2.51	1.96	1.57	1.83	1.40	1.72	1.15	1.00	1.49	1.47	0.81	0.76	1.17	0.81	1.17	0.87	0.87	0.59	1.24	1.63	1.18	1.12	1.03	1.22	1.40	1.78	1.03	1.00	1.38	1.04	1.08
2.11	2.42	1.07	1.99	1.20	1.36	1.41	2.32	1.63	1.66	1.43	1.32	0.99	1.15	1.70	0.91	1.56	1.19	1.36	1.21	0.91	0.42	1.09	1.39	1.01	0.86	1.07	1.20	1.27	1.03	0.95	0.94	1.25	0.87	1.04
2.29	2.45	0.81	2.50	1.44	1.10	1.76	3.15	1.01	1.71	1.70	2.66	2.27	2.04	2.08	1.55	2.08	1.94	1.20	1.43	1.21	0.67	1.54	1.34	1.09	1.09	1.03	1.12	1.11	1.17	0.84	0.86	1.05	0.93	1.06
1.94	2.70	2.94	1.65	1.01	1.32	1.52	2.42	1.32	2.61	2.22	1.64	2.16	2.55	1.60	1.53	1.88	1.67	1.31	1.55	2.19	1.07	1.62	1.40	1.35	1.11	0.96	0.86	1.09	1.12	0.84	0.82	0.93	0.95	0.96
2.45	1.83	2.63	2.43	2.00	1.77	1.57	1.86	2.68	1.82	1.98	2.66	2.86	2.72	2.16	1.73	1.98	1.42	1.48	1.56	2.49	1.61	1.73	1.38	1.67	1.29	0.93	0.69	0.91	1.07	0.98	0.83	1.04	0.96	0.96
1.88	1.95	2.30	1.84	1.56	2.15	2.07	2.06	2.12	1.53	1.99	3.38	2.58	2.53	2.24	1.51	2.33	1.21	1.48	1.85	3.16	1.80	1.75	1.05	1.49	1.76	1.38	0.90	1.06	1.26	0.96	0.96	1.11	0.96	1.69
2.04	1.94	1.73	1.20	1.06	1.27	1.55	1.82	1.47	1.86	2.67	3.29	2.37	2.11	2.33	2.04	2.58	1.55	1.13	1.53	2.51	1.55	1.79	0.98	1.15	1.85	2.11	1.56	1.55	0.83	0.97	0.96	1.04	0.98	0.98
2.06	1.69	1.47	0.89	0.77	0.83	1.64	1.28	1.09	1.71	1.72	1.65	1.58	2.51	2.11	1.89	2.63	1.95	1.45	1.76	2.66	2.00	1.33	1.11	0.93	0.73	0.78	1.18	0.92	0.76	0.63	0.79	0.70	0.77	0.78
2.31	1.17	0.32	0.21	0.20	0.65	1.09	0.55	0.77	2.26	1.78	1.86	2.32	2.88	2.66	2.51	2.72	1.71	1.34	2.19	2.73	2.35	1.17	1.31	0.96	0.80	0.98	0.98	0.82	1.34	1.16	1.38	0.72	1.25	1.11
1.27	0.31	0.22	0.21	0.18	0.20	0.22	0.20	0.36	1.10	1.50	3.02	2.62	2.80	2.83	2.13	1.88	1.22	1.47	2.06	2.85	2.40	1.89	1.17	1.24	0.90	1.17	0.93	1.65	1.43	1.29	1.49	1.17	0.78	1.14
1.28	0.87	0.47	0.22	0.18	0.21	0.24	0.22	0.95	1.13	2.20	2.32	2.86	2.84	2.81	1.92	2.07	1.15	1.72	1.77	3.55	2.67	2.35	1.56	1.10	1.42	1.08	1.91	2.20	1.96	1.55	1.73	1.21	1.00	0.86
1.63	1.38	0.84	0.24	0.23	0.26	0.24	0.21	0.29	1.47	1.60	2.21	1.90	1.07	2.50	2.03	1.49	1.43	1.65	2.10	2.64	2.40	2.02	1.29	0.88	1.58	1.43	2.05	1.88	2.24	2.13	1.76	1.53	0.92	1.08
1.69	1.81	1.21	0.25	0.27	0.26	0.27	0.24	0.34	1.81	2.07	1.41	1.88	1.60	2.00	2.35	1.44	1.22	1.10	1.16	1.22	1.62	1.51	0.90	0.77	1.44	1.49	1.41	1.22	1.66	2.30	2.23	1.67	1.46	1.11
1.23	2.70	2.35	0.58	1.02	0.24	0.22	0.19	0.28	1.24	2.00	1.49	3.27	1.95	1.62	0.64	0.99	1.15	1.22	1.56	1.39	1.60	1.86	1.24	1.09	1.90	1.41	0.99	0.90	1.42	1.96	2.30	1.99	1.03	0.81
2.98	2.83	2.21	1.14	0.27	0.23	0.24	0.20	0.28	1.03	2.24	1.82	2.47	2.20	1.26	2.05	0.76	0.66	1.18	1.22	1.47	1.91	1.96	1.19	1.50	1.03	1.79	1.10	1.65	2.14	1.74	2.23	2.26	1.49	1.36
