Landowners|Budget|Expected Damage|Run Time|Allocation|Levels|Total Budget Used|Remaining Budget|Maximum Amount Offered|Level Amounts|Area of Each Landowner
3|20000|136.276667595|55.3421575711|[0, 1, 0]|2|19290.2859012|709.714098841|39.8288066012|[0.0, 39.8288066012]|[1207.3654999999999, 484.33, 470.49199999999996]
3|20000|135.812789065|56.4806014302|[0, 3, 1]|5|19152.4981447|847.501855278|39.8288066012|[0.0, 9.9572016503, 19.9144033006, 29.8716049509, 39.8288066012]|[1207.3654999999999, 484.33, 470.49199999999996]
3|20000|132.496718266|55.0626532447|[2, 4, 0]|10|19259.6663997|740.333600271|39.8288066012|[0.0, 4.4254229556888891, 8.8508459113777782, 13.276268867066667, 17.701691822755556, 22.127114778444444, 26.552537734133331, 30.977960689822218, 35.403383645511106, 39.828806601199993]|[1207.3654999999999, 484.33, 470.49199999999996]
3|20000|130.716194686|55.3393304737|[3, 7, 0]|15|19949.6987355|50.3012644644|39.8288066012|[0.0, 2.8449147572285716, 5.6898295144571431, 8.5347442716857138, 11.379659028914286, 14.224573786142859, 17.069488543371431, 19.914403300600004, 22.759318057828576, 25.604232815057149, 28.449147572285721, 31.294062329514293, 34.138977086742862, 36.983891843971435, 39.828806601200007]|[1207.3654999999999, 484.33, 470.49199999999996]
3|40000|113.575332363|55.3589187682|[0, 1, 1]|2|38029.4207766|1970.57922343|39.8288066012|[0.0, 39.8288066012]|[1207.3654999999999, 484.33, 470.49199999999996]
3|40000|89.0974625357|55.5623249953|[2, 3, 0]|5|38511.6779241|1488.3220759|39.8288066012|[0.0, 9.9572016503, 19.9144033006, 29.8716049509, 39.8288066012]|[1207.3654999999999, 484.33, 470.49199999999996]
3|40000|86.2936554326|56.6138789175|[5, 6, 0]|10|39575.7055988|424.294401193|39.8288066012|[0.0, 4.4254229556888891, 8.8508459113777782, 13.276268867066667, 17.701691822755556, 22.127114778444444, 26.552537734133331, 30.977960689822218, 35.403383645511106, 39.828806601199993]|[1207.3654999999999, 484.33, 470.49199999999996]
3|40000|85.6278897873|57.2521478431|[8, 9, 0]|15|39879.7135059|120.286494134|39.8288066012|[0.0, 2.8449147572285716, 5.6898295144571431, 8.5347442716857138, 11.379659028914286, 14.224573786142859, 17.069488543371431, 19.914403300600004, 22.759318057828576, 25.604232815057149, 28.449147572285721, 31.294062329514293, 34.138977086742862, 36.983891843971435, 39.828806601200007]|[1207.3654999999999, 484.33, 470.49199999999996]
3|60000|84.9374534733|61.5214721728|[1, 0, 0]|2|48087.9269965|11912.0730035|39.8288066012|[0.0, 39.8288066012]|[1207.3654999999999, 484.33, 470.49199999999996]
3|60000|53.3840947151|57.2430342301|[3, 3, 2]|5|59903.2271109|96.7728890789|39.8288066012|[0.0, 9.9572016503, 19.9144033006, 29.8716049509, 39.8288066012]|[1207.3654999999999, 484.33, 470.49199999999996]
3|60000|54.9328065101|62.0945210233|[6, 7, 6]|10|59554.9302822|445.06971785|39.8288066012|[0.0, 4.4254229556888891, 8.8508459113777782, 13.276268867066667, 17.701691822755556, 22.127114778444444, 26.552537734133331, 30.977960689822218, 35.403383645511106, 39.828806601199993]|[1207.3654999999999, 484.33, 470.49199999999996]
3|60000|53.9699018387|55.9028925197|[11, 10, 6]|15|59593.2046589|406.795341062|39.8288066012|[0.0, 2.8449147572285716, 5.6898295144571431, 8.5347442716857138, 11.379659028914286, 14.224573786142859, 17.069488543371431, 19.914403300600004, 22.759318057828576, 25.604232815057149, 28.449147572285721, 31.294062329514293, 34.138977086742862, 36.983891843971435, 39.828806601200007]|[1207.3654999999999, 484.33, 470.49199999999996]
3|80000|48.3979209069|59.0498296175|[1, 1, 0]|2|67378.2128976|12621.7871024|39.8288066012|[0.0, 39.8288066012]|[1207.3654999999999, 484.33, 470.49199999999996]
3|80000|34.3459495896|62.4687389422|[4, 3, 3]|5|76609.9925789|3390.00742111|39.8288066012|[0.0, 9.9572016503, 19.9144033006, 29.8716049509, 39.8288066012]|[1207.3654999999999, 484.33, 470.49199999999996]
3|80000|30.758753272|57.7237084782|[9, 8, 7]|10|79809.7304784|190.269521633|39.8288066012|[0.0, 4.4254229556888891, 8.8508459113777782, 13.276268867066667, 17.701691822755556, 22.127114778444444, 26.552537734133331, 30.977960689822218, 35.403383645511106, 39.828806601199993]|[1207.3654999999999, 484.33, 470.49199999999996]
3|80000|30.9113397788|58.5289325923|[13, 13, 13]|15|79966.1086464|33.891353613|39.8288066012|[0.0, 2.8449147572285716, 5.6898295144571431, 8.5347442716857138, 11.379659028914286, 14.224573786142859, 17.069488543371431, 19.914403300600004, 22.759318057828576, 25.604232815057149, 28.449147572285721, 31.294062329514293, 34.138977086742862, 36.983891843971435, 39.828806601200007]|[1207.3654999999999, 484.33, 470.49199999999996]
3|100000|26.0113921868|56.8040243257|[1, 1, 1]|2|86117.347773|13882.652227|39.8288066012|[0.0, 39.8288066012]|[1207.3654999999999, 484.33, 470.49199999999996]
3|100000|26.0113921868|59.1443560453|[4, 4, 4]|5|86117.347773|13882.652227|39.8288066012|[0.0, 9.9572016503, 19.9144033006, 29.8716049509, 39.8288066012]|[1207.3654999999999, 484.33, 470.49199999999996]
3|100000|26.0113921868|60.0523862078|[9, 9, 9]|10|86117.347773|13882.652227|39.8288066012|[0.0, 4.4254229556888891, 8.8508459113777782, 13.276268867066667, 17.701691822755556, 22.127114778444444, 26.552537734133331, 30.977960689822218, 35.403383645511106, 39.828806601199993]|[1207.3654999999999, 484.33, 470.49199999999996]
3|100000|26.0113921868|58.2510484637|[14, 14, 14]|15|86117.347773|13882.652227|39.8288066012|[0.0, 2.8449147572285716, 5.6898295144571431, 8.5347442716857138, 11.379659028914286, 14.224573786142859, 17.069488543371431, 19.914403300600004, 22.759318057828576, 25.604232815057149, 28.449147572285721, 31.294062329514293, 34.138977086742862, 36.983891843971435, 39.828806601200007]|[1207.3654999999999, 484.33, 470.49199999999996]
4|20000|135.175051133|116.083203247|[0, 1, 0, 0]|2|19290.2859012|709.714098841|39.8288066012|[0.0, 39.8288066012]|[615.7909999999999, 484.33, 470.49199999999996, 591.5745]
4|20000|129.452597631|116.842655065|[3, 0, 0, 0]|5|18394.6654843|1605.33451568|39.8288066012|[0.0, 9.9572016503, 19.9144033006, 29.8716049509, 39.8288066012]|[615.7909999999999, 484.33, 470.49199999999996, 591.5745]
4|20000|126.089178805|118.666464521|[4, 4, 0, 0]|10|19474.0029097|525.997090258|39.8288066012|[0.0, 4.4254229556888891, 8.8508459113777782, 13.276268867066667, 17.701691822755556, 22.127114778444444, 26.552537734133331, 30.977960689822218, 35.403383645511106, 39.828806601199993]|[615.7909999999999, 484.33, 470.49199999999996, 591.5745]
4|20000|125.466782649|117.217892434|[9, 3, 0, 0]|15|19900.4888225|99.5111774776|39.8288066012|[0.0, 2.8449147572285716, 5.6898295144571431, 8.5347442716857138, 11.379659028914286, 14.224573786142859, 17.069488543371431, 19.914403300600004, 22.759318057828576, 25.604232815057149, 28.449147572285721, 31.294062329514293, 34.138977086742862, 36.983891843971435, 39.828806601200007]|[615.7909999999999, 484.33, 470.49199999999996, 591.5745]
4|40000|111.878415599|118.806875601|[0, 1, 1, 0]|2|38029.4207766|1970.57922343|39.8288066012|[0.0, 39.8288066012]|[615.7909999999999, 484.33, 470.49199999999996, 591.5745]
4|40000|84.3558966355|118.831886552|[3, 2, 0, 2]|5|39820.6616103|179.33838975|39.8288066012|[0.0, 9.9572016503, 19.9144033006, 29.8716049509, 39.8288066012]|[615.7909999999999, 484.33, 470.49199999999996, 591.5745]
4|40000|83.9325939571|117.060480655|[6, 6, 0, 4]|10|39682.8738538|317.126146187|39.8288066012|[0.0, 4.4254229556888891, 8.8508459113777782, 13.276268867066667, 17.701691822755556, 22.127114778444444, 26.552537734133331, 30.977960689822218, 35.403383645511106, 39.828806601199993]|[615.7909999999999, 484.33, 470.49199999999996, 591.5745]
4|40000|83.3109126714|119.079420984|[9, 9, 0, 7]|15|39948.6073841|51.3926159157|39.8288066012|[0.0, 2.8449147572285716, 5.6898295144571431, 8.5347442716857138, 11.379659028914286, 14.224573786142859, 17.069488543371431, 19.914403300600004, 22.759318057828576, 25.604232815057149, 28.449147572285721, 31.294062329514293, 34.138977086742862, 36.983891843971435, 39.828806601200007]|[615.7909999999999, 484.33, 470.49199999999996, 591.5745]
4|60000|83.7238764222|118.313570579|[1, 0, 0, 1]|2|48087.9269965|11912.0730035|39.8288066012|[0.0, 39.8288066012]|[615.7909999999999, 484.33, 470.49199999999996, 591.5745]
4|60000|51.7435345951|121.544370836|[3, 3, 2, 3]|5|59903.2271109|96.7728890789|39.8288066012|[0.0, 9.9572016503, 19.9144033006, 29.8716049509, 39.8288066012]|[615.7909999999999, 484.33, 470.49199999999996, 591.5745]
4|60000|52.8682981993|121.214614776|[7, 7, 6, 5]|10|59662.0985372|337.901462843|39.8288066012|[0.0, 4.4254229556888891, 8.8508459113777782, 13.276268867066667, 17.701691822755556, 22.127114778444444, 26.552537734133331, 30.977960689822218, 35.403383645511106, 39.828806601199993]|[615.7909999999999, 484.33, 470.49199999999996, 591.5745]
4|60000|52.1637581037|119.216826335|[10, 11, 9, 9]|15|59868.7801718|131.219828188|39.8288066012|[0.0, 2.8449147572285716, 5.6898295144571431, 8.5347442716857138, 11.379659028914286, 14.224573786142859, 17.069488543371431, 19.914403300600004, 22.759318057828576, 25.604232815057149, 28.449147572285721, 31.294062329514293, 34.138977086742862, 36.983891843971435, 39.828806601200007]|[615.7909999999999, 484.33, 470.49199999999996, 591.5745]
4|80000|47.9568124354|119.155016754|[1, 1, 0, 1]|2|67378.2128976|12621.7871024|39.8288066012|[0.0, 39.8288066012]|[615.7909999999999, 484.33, 470.49199999999996, 591.5745]
4|80000|31.735647799|117.209901241|[3, 4, 4, 4]|5|79985.7926116|14.2073884078|39.8288066012|[0.0, 9.9572016503, 19.9144033006, 29.8716049509, 39.8288066012]|[615.7909999999999, 484.33, 470.49199999999996, 591.5745]
4|80000|29.7824886807|116.523663536|[9, 8, 7, 9]|10|79809.7304784|190.269521633|39.8288066012|[0.0, 4.4254229556888891, 8.8508459113777782, 13.276268867066667, 17.701691822755556, 22.127114778444444, 26.552537734133331, 30.977960689822218, 35.403383645511106, 39.828806601199993]|[615.7909999999999, 484.33, 470.49199999999996, 591.5745]
4|80000|29.7053747792|120.329680113|[13, 13, 13, 13]|15|79966.1086464|33.891353613|39.8288066012|[0.0, 2.8449147572285716, 5.6898295144571431, 8.5347442716857138, 11.379659028914286, 14.224573786142859, 17.069488543371431, 19.914403300600004, 22.759318057828576, 25.604232815057149, 28.449147572285721, 31.294062329514293, 34.138977086742862, 36.983891843971435, 39.828806601200007]|[615.7909999999999, 484.33, 470.49199999999996, 591.5745]
4|100000|25.0026587299|115.096677969|[1, 1, 1, 1]|2|86117.347773|13882.652227|39.8288066012|[0.0, 39.8288066012]|[615.7909999999999, 484.33, 470.49199999999996, 591.5745]
4|100000|25.0026587299|117.130418532|[4, 4, 4, 4]|5|86117.347773|13882.652227|39.8288066012|[0.0, 9.9572016503, 19.9144033006, 29.8716049509, 39.8288066012]|[615.7909999999999, 484.33, 470.49199999999996, 591.5745]
4|100000|25.0026587299|112.51106974|[9, 9, 9, 9]|10|86117.347773|13882.652227|39.8288066012|[0.0, 4.4254229556888891, 8.8508459113777782, 13.276268867066667, 17.701691822755556, 22.127114778444444, 26.552537734133331, 30.977960689822218, 35.403383645511106, 39.828806601199993]|[615.7909999999999, 484.33, 470.49199999999996, 591.5745]
4|100000|25.0026587299|112.743594871|[14, 14, 14, 14]|15|86117.347773|13882.652227|39.8288066012|[0.0, 2.8449147572285716, 5.6898295144571431, 8.5347442716857138, 11.379659028914286, 14.224573786142859, 17.069488543371431, 19.914403300600004, 22.759318057828576, 25.604232815057149, 28.449147572285721, 31.294062329514293, 34.138977086742862, 36.983891843971435, 39.828806601200007]|[615.7909999999999, 484.33, 470.49199999999996, 591.5745]
5|20000|133.376897698|225.759370751|[0, 0, 0, 0, 1]|2|16810.1062853|3189.8937147|39.8288066012|[0.0, 39.8288066012]|[366.707, 304.436, 646.9264999999999, 422.05899999999997, 422.05899999999997]
5|20000|122.27894021|224.782599086|[2, 0, 0, 0, 3]|5|19910.3308051|89.669194875|39.8288066012|[0.0, 9.9572016503, 19.9144033006, 29.8716049509, 39.8288066012]|[366.707, 304.436, 646.9264999999999, 422.05899999999997, 422.05899999999997]
5|20000|122.889312469|226.261731074|[3, 0, 0, 3, 5]|10|19810.8174255|189.182574524|39.8288066012|[0.0, 4.4254229556888891, 8.8508459113777782, 13.276268867066667, 17.701691822755556, 22.127114778444444, 26.552537734133331, 30.977960689822218, 35.403383645511106, 39.828806601199993]|[366.707, 304.436, 646.9264999999999, 422.05899999999997, 422.05899999999997]
5|20000|122.602475097|228.510442539|[3, 0, 0, 6, 8]|15|19939.8567529|60.1432470671|39.8288066012|[0.0, 2.8449147572285716, 5.6898295144571431, 8.5347442716857138, 11.379659028914286, 14.224573786142859, 17.069488543371431, 19.914403300600004, 22.759318057828576, 25.604232815057149, 28.449147572285721, 31.294062329514293, 34.138977086742862, 36.983891843971435, 39.828806601200007]|[366.707, 304.436, 646.9264999999999, 422.05899999999997, 422.05899999999997]
5|40000|101.515775965|226.16271952|[0, 0, 0, 1, 1]|2|33620.2125706|6379.78742941|39.8288066012|[0.0, 39.8288066012]|[366.707, 304.436, 646.9264999999999, 422.05899999999997, 422.05899999999997]
5|40000|84.7568939601|227.379999545|[3, 1, 0, 3, 3]|5|39200.6167063|799.383293716|39.8288066012|[0.0, 9.9572016503, 19.9144033006, 29.8716049509, 39.8288066012]|[366.707, 304.436, 646.9264999999999, 422.05899999999997, 422.05899999999997]
5|40000|82.7361292462|230.613028427|[6, 0, 4, 4, 6]|10|39866.5908624|133.409137604|39.8288066012|[0.0, 4.4254229556888891, 8.8508459113777782, 13.276268867066667, 17.701691822755556, 22.127114778444444, 26.552537734133331, 30.977960689822218, 35.403383645511106, 39.828806601199993]|[366.707, 304.436, 646.9264999999999, 422.05899999999997, 422.05899999999997]
5|40000|82.3590951586|250.85922796|[7, 0, 6, 8, 10]|15|39958.4493667|41.5506333131|39.8288066012|[0.0, 2.8449147572285716, 5.6898295144571431, 8.5347442716857138, 11.379659028914286, 14.224573786142859, 17.069488543371431, 19.914403300600004, 22.759318057828576, 25.604232815057149, 28.449147572285721, 31.294062329514293, 34.138977086742862, 36.983891843971435, 39.828806601200007]|[366.707, 304.436, 646.9264999999999, 422.05899999999997, 422.05899999999997]
5|60000|63.8745960546|226.064437283|[0, 0, 1, 1, 1]|2|59386.5230243|613.476975717|39.8288066012|[0.0, 39.8288066012]|[366.707, 304.436, 646.9264999999999, 422.05899999999997, 422.05899999999997]
5|60000|52.0795100111|226.639465301|[3, 2, 2, 3, 4]|5|59317.6291461|682.370853935|39.8288066012|[0.0, 9.9572016503, 19.9144033006, 29.8716049509, 39.8288066012]|[366.707, 304.436, 646.9264999999999, 422.05899999999997, 422.05899999999997]
5|60000|50.2617394883|226.929126868|[6, 5, 6, 7, 7]|10|59799.8862936|200.113706406|39.8288066012|[0.0, 4.4254229556888891, 8.8508459113777782, 13.276268867066667, 17.701691822755556, 22.127114778444444, 26.552537734133331, 30.977960689822218, 35.403383645511106, 39.828806601199993]|[366.707, 304.436, 646.9264999999999, 422.05899999999997, 422.05899999999997]
5|60000|50.1644092491|241.756669094|[9, 8, 10, 10, 11]|15|59937.67405|62.3259499696|39.8288066012|[0.0, 2.8449147572285716, 5.6898295144571431, 8.5347442716857138, 11.379659028914286, 14.224573786142859, 17.069488543371431, 19.914403300600004, 22.759318057828576, 25.604232815057149, 28.449147572285721, 31.294062329514293, 34.138977086742862, 36.983891843971435, 39.828806601200007]|[366.707, 304.436, 646.9264999999999, 422.05899999999997, 422.05899999999997]
5|80000|38.8216584161|225.007241681|[1, 0, 1, 1, 1]|2|73992.0252066|6007.97479341|39.8288066012|[0.0, 39.8288066012]|[366.707, 304.436, 646.9264999999999, 422.05899999999997, 422.05899999999997]
5|80000|29.5129150866|225.428845837|[4, 4, 3, 4, 4]|5|79675.7701596|324.229840391|39.8288066012|[0.0, 9.9572016503, 19.9144033006, 29.8716049509, 39.8288066012]|[366.707, 304.436, 646.9264999999999, 422.05899999999997, 422.05899999999997]
5|80000|28.7433154645|226.690243826|[8, 7, 9, 8, 9]|10|79932.2084841|67.791515911|39.8288066012|[0.0, 4.4254229556888891, 8.8508459113777782, 13.276268867066667, 17.701691822755556, 22.127114778444444, 26.552537734133331, 30.977960689822218, 35.403383645511106, 39.828806601199993]|[366.707, 304.436, 646.9264999999999, 422.05899999999997, 422.05899999999997]
5|80000|28.5660763726|227.329545002|[13, 13, 13, 12, 14]|15|79966.1086464|33.891353613|39.8288066012|[0.0, 2.8449147572285716, 5.6898295144571431, 8.5347442716857138, 11.379659028914286, 14.224573786142859, 17.069488543371431, 19.914403300600004, 22.759318057828576, 25.604232815057149, 28.449147572285721, 31.294062329514293, 34.138977086742862, 36.983891843971435, 39.828806601200007]|[366.707, 304.436, 646.9264999999999, 422.05899999999997, 422.05899999999997]
5|100000|24.078245014|224.865401551|[1, 1, 1, 1, 1]|2|86117.347773|13882.652227|39.8288066012|[0.0, 39.8288066012]|[366.707, 304.436, 646.9264999999999, 422.05899999999997, 422.05899999999997]
5|100000|24.078245014|226.199664355|[4, 4, 4, 4, 4]|5|86117.347773|13882.652227|39.8288066012|[0.0, 9.9572016503, 19.9144033006, 29.8716049509, 39.8288066012]|[366.707, 304.436, 646.9264999999999, 422.05899999999997, 422.05899999999997]
5|100000|24.078245014|226.292952879|[9, 9, 9, 9, 9]|10|86117.347773|13882.652227|39.8288066012|[0.0, 4.4254229556888891, 8.8508459113777782, 13.276268867066667, 17.701691822755556, 22.127114778444444, 26.552537734133331, 30.977960689822218, 35.403383645511106, 39.828806601199993]|[366.707, 304.436, 646.9264999999999, 422.05899999999997, 422.05899999999997]
5|100000|24.078245014|227.489063949|[14, 14, 14, 14, 14]|15|86117.347773|13882.652227|39.8288066012|[0.0, 2.8449147572285716, 5.6898295144571431, 8.5347442716857138, 11.379659028914286, 14.224573786142859, 17.069488543371431, 19.914403300600004, 22.759318057828576, 25.604232815057149, 28.449147572285721, 31.294062329514293, 34.138977086742862, 36.983891843971435, 39.828806601200007]|[366.707, 304.436, 646.9264999999999, 422.05899999999997, 422.05899999999997]
6|20000|127.554946267|454.942467332|[0, 0, 0, 0, 1, 1]|2|17912.4083368|2087.59166321|39.8288066012|[0.0, 39.8288066012]|[332.11199999999997, 480.8705, 477.41099999999994, 422.05899999999997, 276.76, 172.975]
6|20000|121.888718446|453.74010331|[0, 1, 0, 0, 3, 4]|5|19944.7777442|55.2222557658|39.8288066012|[0.0, 9.9572016503, 19.9144033006, 29.8716049509, 39.8288066012]|[332.11199999999997, 480.8705, 477.41099999999994, 422.05899999999997, 276.76, 172.975]
6|20000|120.894364851|463.997269614|[0, 4, 0, 0, 5, 7]|10|19994.5344341|5.46556594134|39.8288066012|[0.0, 4.4254229556888891, 8.8508459113777782, 13.276268867066667, 17.701691822755556, 22.127114778444444, 26.552537734133331, 30.977960689822218, 35.403383645511106, 39.828806601199993]|[332.11199999999997, 480.8705, 477.41099999999994, 422.05899999999997, 276.76, 172.975]
6|20000|120.42345873|561.939175736|[0, 0, 0, 6, 10, 10]|15|19998.9086485|1.09135145128|39.8288066012|[0.0, 2.8449147572285716, 5.6898295144571431, 8.5347442716857138, 11.379659028914286, 14.224573786142859, 17.069488543371431, 19.914403300600004, 22.759318057828576, 25.604232815057149, 28.449147572285721, 31.294062329514293, 34.138977086742862, 36.983891843971435, 39.828806601200007]|[332.11199999999997, 480.8705, 477.41099999999994, 422.05899999999997, 276.76, 172.975]
6|40000|94.3690280653|454.351567576|[0, 1, 0, 0, 1, 1]|2|37064.9064815|2935.09351849|39.8288066012|[0.0, 39.8288066012]|[332.11199999999997, 480.8705, 477.41099999999994, 422.05899999999997, 276.76, 172.975]
6|40000|82.5085844628|454.519062072|[0, 2, 2, 2, 2, 4]|5|39889.5554885|110.444511532|39.8288066012|[0.0, 9.9572016503, 19.9144033006, 29.8716049509, 39.8288066012]|[332.11199999999997, 480.8705, 477.41099999999994, 422.05899999999997, 276.76, 172.975]
6|40000|81.3668974857|688.970729487|[0, 4, 3, 6, 7, 7]|10|39989.0688681|10.9311318827|39.8288066012|[0.0, 4.4254229556888891, 8.8508459113777782, 13.276268867066667, 17.701691822755556, 22.127114778444444, 26.552537734133331, 30.977960689822218, 35.403383645511106, 39.828806601199993]|[332.11199999999997, 480.8705, 477.41099999999994, 422.05899999999997, 276.76, 172.975]
6|40000|80.9425266025|1519.97190737|[0, 8, 6, 7, 9, 11]|15|39997.8172971|2.18270290256|39.8288066012|[0.0, 2.8449147572285716, 5.6898295144571431, 8.5347442716857138, 11.379659028914286, 14.224573786142859, 17.069488543371431, 19.914403300600004, 22.759318057828576, 25.604232815057149, 28.449147572285721, 31.294062329514293, 34.138977086742862, 36.983891843971435, 39.828806601200007]|[332.11199999999997, 480.8705, 477.41099999999994, 422.05899999999997, 276.76, 172.975]
6|60000|65.7624501178|452.068976454|[0, 1, 1, 0, 1, 1]|2|56079.6168698|3920.3831302|39.8288066012|[0.0, 39.8288066012]|[332.11199999999997, 480.8705, 477.41099999999994, 422.05899999999997, 276.76, 172.975]
6|60000|50.7244374619|453.341501641|[1, 3, 3, 3, 3, 4]|5|59696.5454763|303.454523734|39.8288066012|[0.0, 9.9572016503, 19.9144033006, 29.8716049509, 39.8288066012]|[332.11199999999997, 480.8705, 477.41099999999994, 422.05899999999997, 276.76, 172.975]
6|60000|49.4688372975|616.87110467|[5, 6, 6, 6, 8, 8]|10|59922.3642993|77.6357006849|39.8288066012|[0.0, 4.4254229556888891, 8.8508459113777782, 13.276268867066667, 17.701691822755556, 22.127114778444444, 26.552537734133331, 30.977960689822218, 35.403383645511106, 39.828806601199993]|[332.11199999999997, 480.8705, 477.41099999999994, 422.05899999999997, 276.76, 172.975]
6|60000|49.475050396|1263.72734596|[7, 10, 9, 10, 12, 12]|15|59878.6221544|121.377845585|39.8288066012|[0.0, 2.8449147572285716, 5.6898295144571431, 8.5347442716857138, 11.379659028914286, 14.224573786142859, 17.069488543371431, 19.914403300600004, 22.759318057828576, 25.604232815057149, 28.449147572285721, 31.294062329514293, 34.138977086742862, 36.983891843971435, 39.828806601200007]|[332.11199999999997, 480.8705, 477.41099999999994, 422.05899999999997, 276.76, 172.975]
6|80000|37.6319601542|453.035487055|[1, 1, 1, 1, 1, 0]|2|79227.9599512|772.04004881|39.8288066012|[0.0, 39.8288066012]|[332.11199999999997, 480.8705, 477.41099999999994, 422.05899999999997, 276.76, 172.975]
6|80000|30.0412405177|451.596877649|[3, 4, 4, 3, 4, 4]|5|78607.9150472|1392.08495278|39.8288066012|[0.0, 9.9572016503, 19.9144033006, 29.8716049509, 39.8288066012]|[332.11199999999997, 480.8705, 477.41099999999994, 422.05899999999997, 276.76, 172.975]
6|80000|28.5379861129|466.309742521|[8, 9, 8, 8, 9, 8]|10|79901.5889827|98.4110173414|39.8288066012|[0.0, 4.4254229556888891, 8.8508459113777782, 13.276268867066667, 17.701691822755556, 22.127114778444444, 26.552537734133331, 30.977960689822218, 35.403383645511106, 39.828806601199993]|[332.11199999999997, 480.8705, 477.41099999999994, 422.05899999999997, 276.76, 172.975]
6|80000|28.3800650418|480.561836319|[13, 13, 12, 13, 14, 14]|15|79887.3727856|112.627214434|39.8288066012|[0.0, 2.8449147572285716, 5.6898295144571431, 8.5347442716857138, 11.379659028914286, 14.224573786142859, 17.069488543371431, 19.914403300600004, 22.759318057828576, 25.604232815057149, 28.449147572285721, 31.294062329514293, 34.138977086742862, 36.983891843971435, 39.828806601200007]|[332.11199999999997, 480.8705, 477.41099999999994, 422.05899999999997, 276.76, 172.975]
6|100000|24.0112650725|452.209049328|[1, 1, 1, 1, 1, 1]|2|86117.347773|13882.652227|39.8288066012|[0.0, 39.8288066012]|[332.11199999999997, 480.8705, 477.41099999999994, 422.05899999999997, 276.76, 172.975]
6|100000|24.0112650725|451.558435212|[4, 4, 4, 4, 4, 4]|5|86117.347773|13882.652227|39.8288066012|[0.0, 9.9572016503, 19.9144033006, 29.8716049509, 39.8288066012]|[332.11199999999997, 480.8705, 477.41099999999994, 422.05899999999997, 276.76, 172.975]
6|100000|24.0112650724|458.470862892|[9, 9, 9, 9, 9, 9]|10|86117.347773|13882.652227|39.8288066012|[0.0, 4.4254229556888891, 8.8508459113777782, 13.276268867066667, 17.701691822755556, 22.127114778444444, 26.552537734133331, 30.977960689822218, 35.403383645511106, 39.828806601199993]|[332.11199999999997, 480.8705, 477.41099999999994, 422.05899999999997, 276.76, 172.975]
6|100000|24.0112650725|466.899899875|[14, 14, 14, 14, 14, 14]|15|86117.347773|13882.652227|39.8288066012|[0.0, 2.8449147572285716, 5.6898295144571431, 8.5347442716857138, 11.379659028914286, 14.224573786142859, 17.069488543371431, 19.914403300600004, 22.759318057828576, 25.604232815057149, 28.449147572285721, 31.294062329514293, 34.138977086742862, 36.983891843971435, 39.828806601200007]|[332.11199999999997, 480.8705, 477.41099999999994, 422.05899999999997, 276.76, 172.975]
6|20000|174.513535294|452.809553365|[0, 0, 0, 0, 0, 0]|2|0.0|20000.0|39.8288066012|[0.0, 39.8288066012]|[332.11199999999997, 480.8705, 477.41099999999994, 422.05899999999997, 276.76, 172.975]
6|20000|174.513535294|451.983933417|[0, 0, 0, 0, 0, 0]|5|0.0|20000.0|39.8288066012|[0.0, 9.9572016503, 19.9144033006, 29.8716049509, 39.8288066012]|[332.11199999999997, 480.8705, 477.41099999999994, 422.05899999999997, 276.76, 172.975]
3|20000|131.202420194|58.4687673867|[3, 12, 0]|20|19776.1690423|223.830957721|39.8288066012|[0.0, 2.0962529790105262, 4.1925059580210524, 6.2887589370315791, 8.3850119160421048, 10.481264895052631, 12.577517874063156, 14.673770853073682, 16.77002383208421, 18.866276811094735, 20.962529790105261, 23.058782769115787, 25.155035748126313, 27.251288727136838, 29.347541706147364, 31.44379468515789, 33.540047664168419, 35.636300643178949, 37.732553622189478, 39.828806601200007]|[1207.3654999999999, 484.33, 470.49199999999996]
3|20000|130.897590908|59.7514213709|[9, 28, 0]|50|19855.4969021|144.503097947|39.8288066012|[0.0, 0.81283278777959189, 1.6256655755591838, 2.4384983633387756, 3.2513311511183676, 4.0641639388979591, 4.8769967266775511, 5.6898295144571431, 6.5026623022367351, 7.3154950900163271, 8.1283278777959183, 8.9411606655755094, 9.7539934533551005, 10.566826241134692, 11.379659028914283, 12.192491816693874, 13.005324604473465, 13.818157392253056, 14.630990180032647, 15.443822967812238, 16.256655755591829, 17.069488543371421, 17.882321331151012, 18.695154118930603, 19.507986906710194, 20.320819694489785, 21.133652482269376, 21.946485270048967, 22.759318057828558, 23.572150845608149, 24.384983633387741, 25.197816421167332, 26.010649208946923, 26.823481996726514, 27.636314784506105, 28.449147572285696, 29.261980360065287, 30.074813147844878, 30.887645935624469, 31.700478723404061, 32.513311511183652, 33.326144298963243, 34.138977086742834, 34.951809874522425, 35.764642662302016, 36.577475450081607, 37.390308237861198, 38.20314102564079, 39.015973813420381, 39.828806601199972]|[1207.3654999999999, 484.33, 470.49199999999996]
3|40000|86.0559489556|56.3982975976|[11, 11, 1]|20|39994.7093026|5.29069740867|39.8288066012|[0.0, 2.0962529790105262, 4.1925059580210524, 6.2887589370315791, 8.3850119160421048, 10.481264895052631, 12.577517874063156, 14.673770853073682, 16.77002383208421, 18.866276811094735, 20.962529790105261, 23.058782769115787, 25.155035748126313, 27.251288727136838, 29.347541706147364, 31.44379468515789, 33.540047664168419, 35.636300643178949, 37.732553622189478, 39.828806601200007]|[1207.3654999999999, 484.33, 470.49199999999996]
3|40000|85.6568046509|57.5836828212|[29, 29, 0]|50|39876.9015108|123.098489164|39.8288066012|[0.0, 0.81283278777959189, 1.6256655755591838, 2.4384983633387756, 3.2513311511183676, 4.0641639388979591, 4.8769967266775511, 5.6898295144571431, 6.5026623022367351, 7.3154950900163271, 8.1283278777959183, 8.9411606655755094, 9.7539934533551005, 10.566826241134692, 11.379659028914283, 12.192491816693874, 13.005324604473465, 13.818157392253056, 14.630990180032647, 15.443822967812238, 16.256655755591829, 17.069488543371421, 17.882321331151012, 18.695154118930603, 19.507986906710194, 20.320819694489785, 21.133652482269376, 21.946485270048967, 22.759318057828558, 23.572150845608149, 24.384983633387741, 25.197816421167332, 26.010649208946923, 26.823481996726514, 27.636314784506105, 28.449147572285696, 29.261980360065287, 30.074813147844878, 30.887645935624469, 31.700478723404061, 32.513311511183652, 33.326144298963243, 34.138977086742834, 34.951809874522425, 35.764642662302016, 36.577475450081607, 37.390308237861198, 38.20314102564079, 39.015973813420381, 39.828806601199972]|[1207.3654999999999, 484.33, 470.49199999999996]
3|60000|53.9732846879|57.3580813626|[13, 16, 11]|20|59995.6899475|4.31005252255|39.8288066012|[0.0, 2.0962529790105262, 4.1925059580210524, 6.2887589370315791, 8.3850119160421048, 10.481264895052631, 12.577517874063156, 14.673770853073682, 16.77002383208421, 18.866276811094735, 20.962529790105261, 23.058782769115787, 25.155035748126313, 27.251288727136838, 29.347541706147364, 31.44379468515789, 33.540047664168419, 35.636300643178949, 37.732553622189478, 39.828806601200007]|[1207.3654999999999, 484.33, 470.49199999999996]
3|60000|53.4722598608|59.793491333|[38, 36, 22]|50|59878.6221544|121.377845585|39.8288066012|[0.0, 0.81283278777959189, 1.6256655755591838, 2.4384983633387756, 3.2513311511183676, 4.0641639388979591, 4.8769967266775511, 5.6898295144571431, 6.5026623022367351, 7.3154950900163271, 8.1283278777959183, 8.9411606655755094, 9.7539934533551005, 10.566826241134692, 11.379659028914283, 12.192491816693874, 13.005324604473465, 13.818157392253056, 14.630990180032647, 15.443822967812238, 16.256655755591829, 17.069488543371421, 17.882321331151012, 18.695154118930603, 19.507986906710194, 20.320819694489785, 21.133652482269376, 21.946485270048967, 22.759318057828558, 23.572150845608149, 24.384983633387741, 25.197816421167332, 26.010649208946923, 26.823481996726514, 27.636314784506105, 28.449147572285696, 29.261980360065287, 30.074813147844878, 30.887645935624469, 31.700478723404061, 32.513311511183652, 33.326144298963243, 34.138977086742834, 34.951809874522425, 35.764642662302016, 36.577475450081607, 37.390308237861198, 38.20314102564079, 39.015973813420381, 39.828806601199972]|[1207.3654999999999, 484.33, 470.49199999999996]
3|80000|30.8890555285|57.3403715419|[18, 18, 16]|20|79612.3152718|387.684728223|39.8288066012|[0.0, 2.0962529790105262, 4.1925059580210524, 6.2887589370315791, 8.3850119160421048, 10.481264895052631, 12.577517874063156, 14.673770853073682, 16.77002383208421, 18.866276811094735, 20.962529790105261, 23.058782769115787, 25.155035748126313, 27.251288727136838, 29.347541706147364, 31.44379468515789, 33.540047664168419, 35.636300643178949, 37.732553622189478, 39.828806601200007]|[1207.3654999999999, 484.33, 470.49199999999996]
3|80000|30.5715716662|57.9537395964|[47, 47, 40]|50|79925.3347185|74.6652815383|39.8288066012|[0.0, 0.81283278777959189, 1.6256655755591838, 2.4384983633387756, 3.2513311511183676, 4.0641639388979591, 4.8769967266775511, 5.6898295144571431, 6.5026623022367351, 7.3154950900163271, 8.1283278777959183, 8.9411606655755094, 9.7539934533551005, 10.566826241134692, 11.379659028914283, 12.192491816693874, 13.005324604473465, 13.818157392253056, 14.630990180032647, 15.443822967812238, 16.256655755591829, 17.069488543371421, 17.882321331151012, 18.695154118930603, 19.507986906710194, 20.320819694489785, 21.133652482269376, 21.946485270048967, 22.759318057828558, 23.572150845608149, 24.384983633387741, 25.197816421167332, 26.010649208946923, 26.823481996726514, 27.636314784506105, 28.449147572285696, 29.261980360065287, 30.074813147844878, 30.887645935624469, 31.700478723404061, 32.513311511183652, 33.326144298963243, 34.138977086742834, 34.951809874522425, 35.764642662302016, 36.577475450081607, 37.390308237861198, 38.20314102564079, 39.015973813420381, 39.828806601199972]|[1207.3654999999999, 484.33, 470.49199999999996]
3|100000|26.0113921868|57.7552989231|[19, 19, 19]|20|86117.347773|13882.652227|39.8288066012|[0.0, 2.0962529790105262, 4.1925059580210524, 6.2887589370315791, 8.3850119160421048, 10.481264895052631, 12.577517874063156, 14.673770853073682, 16.77002383208421, 18.866276811094735, 20.962529790105261, 23.058782769115787, 25.155035748126313, 27.251288727136838, 29.347541706147364, 31.44379468515789, 33.540047664168419, 35.636300643178949, 37.732553622189478, 39.828806601200007]|[1207.3654999999999, 484.33, 470.49199999999996]
3|100000|26.0113921868|61.8281503689|[49, 49, 49]|50|86117.347773|13882.652227|39.8288066012|[0.0, 0.81283278777959189, 1.6256655755591838, 2.4384983633387756, 3.2513311511183676, 4.0641639388979591, 4.8769967266775511, 5.6898295144571431, 6.5026623022367351, 7.3154950900163271, 8.1283278777959183, 8.9411606655755094, 9.7539934533551005, 10.566826241134692, 11.379659028914283, 12.192491816693874, 13.005324604473465, 13.818157392253056, 14.630990180032647, 15.443822967812238, 16.256655755591829, 17.069488543371421, 17.882321331151012, 18.695154118930603, 19.507986906710194, 20.320819694489785, 21.133652482269376, 21.946485270048967, 22.759318057828558, 23.572150845608149, 24.384983633387741, 25.197816421167332, 26.010649208946923, 26.823481996726514, 27.636314784506105, 28.449147572285696, 29.261980360065287, 30.074813147844878, 30.887645935624469, 31.700478723404061, 32.513311511183652, 33.326144298963243, 34.138977086742834, 34.951809874522425, 35.764642662302016, 36.577475450081607, 37.390308237861198, 38.20314102564079, 39.015973813420381, 39.828806601199972]|[1207.3654999999999, 484.33, 470.49199999999996]
4|20000|125.339379015|117.693826978|[9, 8, 0, 0]|20|19739.9091064|260.090893626|39.8288066012|[0.0, 2.0962529790105262, 4.1925059580210524, 6.2887589370315791, 8.3850119160421048, 10.481264895052631, 12.577517874063156, 14.673770853073682, 16.77002383208421, 18.866276811094735, 20.962529790105261, 23.058782769115787, 25.155035748126313, 27.251288727136838, 29.347541706147364, 31.44379468515789, 33.540047664168419, 35.636300643178949, 37.732553622189478, 39.828806601200007]|[615.7909999999999, 484.33, 470.49199999999996, 591.5745]
4|20000|124.670151777|180.131960223|[25, 19, 0, 0]|50|19993.2846585|6.71534150994|39.8288066012|[0.0, 0.81283278777959189, 1.6256655755591838, 2.4384983633387756, 3.2513311511183676, 4.0641639388979591, 4.8769967266775511, 5.6898295144571431, 6.5026623022367351, 7.3154950900163271, 8.1283278777959183, 8.9411606655755094, 9.7539934533551005, 10.566826241134692, 11.379659028914283, 12.192491816693874, 13.005324604473465, 13.818157392253056, 14.630990180032647, 15.443822967812238, 16.256655755591829, 17.069488543371421, 17.882321331151012, 18.695154118930603, 19.507986906710194, 20.320819694489785, 21.133652482269376, 21.946485270048967, 22.759318057828558, 23.572150845608149, 24.384983633387741, 25.197816421167332, 26.010649208946923, 26.823481996726514, 27.636314784506105, 28.449147572285696, 29.261980360065287, 30.074813147844878, 30.887645935624469, 31.700478723404061, 32.513311511183652, 33.326144298963243, 34.138977086742834, 34.951809874522425, 35.764642662302016, 36.577475450081607, 37.390308237861198, 38.20314102564079, 39.015973813420381, 39.828806601199972]|[615.7909999999999, 484.33, 470.49199999999996, 591.5745]
4|40000|83.6004085423|117.957693664|[12, 13, 0, 9]|20|39849.669559|150.330441026|39.8288066012|[0.0, 2.0962529790105262, 4.1925059580210524, 6.2887589370315791, 8.3850119160421048, 10.481264895052631, 12.577517874063156, 14.673770853073682, 16.77002383208421, 18.866276811094735, 20.962529790105261, 23.058782769115787, 25.155035748126313, 27.251288727136838, 29.347541706147364, 31.44379468515789, 33.540047664168419, 35.636300643178949, 37.732553622189478, 39.828806601200007]|[615.7909999999999, 484.33, 470.49199999999996, 591.5745]
4|40000|83.3631599357|594.044992064|[33, 29, 0, 25]|50|39955.6373717|44.3626283424|39.8288066012|[0.0, 0.81283278777959189, 1.6256655755591838, 2.4384983633387756, 3.2513311511183676, 4.0641639388979591, 4.8769967266775511, 5.6898295144571431, 6.5026623022367351, 7.3154950900163271, 8.1283278777959183, 8.9411606655755094, 9.7539934533551005, 10.566826241134692, 11.379659028914283, 12.192491816693874, 13.005324604473465, 13.818157392253056, 14.630990180032647, 15.443822967812238, 16.256655755591829, 17.069488543371421, 17.882321331151012, 18.695154118930603, 19.507986906710194, 20.320819694489785, 21.133652482269376, 21.946485270048967, 22.759318057828558, 23.572150845608149, 24.384983633387741, 25.197816421167332, 26.010649208946923, 26.823481996726514, 27.636314784506105, 28.449147572285696, 29.261980360065287, 30.074813147844878, 30.887645935624469, 31.700478723404061, 32.513311511183652, 33.326144298963243, 34.138977086742834, 34.951809874522425, 35.764642662302016, 36.577475450081607, 37.390308237861198, 38.20314102564079, 39.015973813420381, 39.828806601199972]|[615.7909999999999, 484.33, 470.49199999999996, 591.5745]
4|60000|51.8426674424|114.225992001|[15, 14, 9, 14]|20|59814.390268|185.609732045|39.8288066012|[0.0, 2.0962529790105262, 4.1925059580210524, 6.2887589370315791, 8.3850119160421048, 10.481264895052631, 12.577517874063156, 14.673770853073682, 16.77002383208421, 18.866276811094735, 20.962529790105261, 23.058782769115787, 25.155035748126313, 27.251288727136838, 29.347541706147364, 31.44379468515789, 33.540047664168419, 35.636300643178949, 37.732553622189478, 39.828806601200007]|[615.7909999999999, 484.33, 470.49199999999996, 591.5745]
4|60000|51.4983113865|307.204204095|[39, 37, 25, 34]|50|59996.7259456|3.2740543539|39.8288066012|[0.0, 0.81283278777959189, 1.6256655755591838, 2.4384983633387756, 3.2513311511183676, 4.0641639388979591, 4.8769967266775511, 5.6898295144571431, 6.5026623022367351, 7.3154950900163271, 8.1283278777959183, 8.9411606655755094, 9.7539934533551005, 10.566826241134692, 11.379659028914283, 12.192491816693874, 13.005324604473465, 13.818157392253056, 14.630990180032647, 15.443822967812238, 16.256655755591829, 17.069488543371421, 17.882321331151012, 18.695154118930603, 19.507986906710194, 20.320819694489785, 21.133652482269376, 21.946485270048967, 22.759318057828558, 23.572150845608149, 24.384983633387741, 25.197816421167332, 26.010649208946923, 26.823481996726514, 27.636314784506105, 28.449147572285696, 29.261980360065287, 30.074813147844878, 30.887645935624469, 31.700478723404061, 32.513311511183652, 33.326144298963243, 34.138977086742834, 34.951809874522425, 35.764642662302016, 36.577475450081607, 37.390308237861198, 38.20314102564079, 39.015973813420381, 39.828806601199972]|[615.7909999999999, 484.33, 470.49199999999996, 591.5745]
4|100000|25.0026587299|112.263691753|[19, 19, 19, 19]|20|86117.347773|13882.652227|39.8288066012|[0.0, 2.0962529790105262, 4.1925059580210524, 6.2887589370315791, 8.3850119160421048, 10.481264895052631, 12.577517874063156, 14.673770853073682, 16.77002383208421, 18.866276811094735, 20.962529790105261, 23.058782769115787, 25.155035748126313, 27.251288727136838, 29.347541706147364, 31.44379468515789, 33.540047664168419, 35.636300643178949, 37.732553622189478, 39.828806601200007]|[615.7909999999999, 484.33, 470.49199999999996, 591.5745]
4|100000|25.0026587299|115.08074991|[49, 49, 49, 49]|50|86117.347773|13882.652227|39.8288066012|[0.0, 0.81283278777959189, 1.6256655755591838, 2.4384983633387756, 3.2513311511183676, 4.0641639388979591, 4.8769967266775511, 5.6898295144571431, 6.5026623022367351, 7.3154950900163271, 8.1283278777959183, 8.9411606655755094, 9.7539934533551005, 10.566826241134692, 11.379659028914283, 12.192491816693874, 13.005324604473465, 13.818157392253056, 14.630990180032647, 15.443822967812238, 16.256655755591829, 17.069488543371421, 17.882321331151012, 18.695154118930603, 19.507986906710194, 20.320819694489785, 21.133652482269376, 21.946485270048967, 22.759318057828558, 23.572150845608149, 24.384983633387741, 25.197816421167332, 26.010649208946923, 26.823481996726514, 27.636314784506105, 28.449147572285696, 29.261980360065287, 30.074813147844878, 30.887645935624469, 31.700478723404061, 32.513311511183652, 33.326144298963243, 34.138977086742834, 34.951809874522425, 35.764642662302016, 36.577475450081607, 37.390308237861198, 38.20314102564079, 39.015973813420381, 39.828806601199972]|[615.7909999999999, 484.33, 470.49199999999996, 591.5745]
4|80000|29.4345036555|118.592346158|[49, 47, 40, 45]|50|79964.7026489|35.2973511278|39.8288066012|[0.0, 0.81283278777959189, 1.6256655755591838, 2.4384983633387756, 3.2513311511183676, 4.0641639388979591, 4.8769967266775511, 5.6898295144571431, 6.5026623022367351, 7.3154950900163271, 8.1283278777959183, 8.9411606655755094, 9.7539934533551005, 10.566826241134692, 11.379659028914283, 12.192491816693874, 13.005324604473465, 13.818157392253056, 14.630990180032647, 15.443822967812238, 16.256655755591829, 17.069488543371421, 17.882321331151012, 18.695154118930603, 19.507986906710194, 20.320819694489785, 21.133652482269376, 21.946485270048967, 22.759318057828558, 23.572150845608149, 24.384983633387741, 25.197816421167332, 26.010649208946923, 26.823481996726514, 27.636314784506105, 28.449147572285696, 29.261980360065287, 30.074813147844878, 30.887645935624469, 31.700478723404061, 32.513311511183652, 33.326144298963243, 34.138977086742834, 34.951809874522425, 35.764642662302016, 36.577475450081607, 37.390308237861198, 38.20314102564079, 39.015973813420381, 39.828806601199972]|[615.7909999999999, 484.33, 470.49199999999996, 591.5745]
4|80000|29.4951807334|XXXXXXX|[19, 18, 15, 18]|20|XXXXXX|XXXXXXXX|39.8288066012|[0.0, 2.0962529790105262, 4.1925059580210524, 6.2887589370315791, 8.3850119160421048, 10.481264895052631, 12.577517874063156, 14.673770853073682, 16.77002383208421, 18.866276811094735, 20.962529790105261, 23.058782769115787, 25.155035748126313, 27.251288727136838, 29.347541706147364, 31.44379468515789, 33.540047664168419, 35.636300643178949, 37.732553622189478, 39.828806601200007]|[615.7909999999999, 484.33, 470.49199999999996, 591.5745]
