Landowners|Budget|Expected Damage|Run Time|Allocation|Levels|Total Budget Used|Remaining Budget|Maximum Amount Offered|Level Amounts|Area of Each Landowner
3|20000|138.232405727|56.7143317537|[0, 1, 1]|2|19014.7103883|985.289611715|39.8288066012|[0.0, 19.9144033006]|[1207.3654999999999, 484.33, 470.49199999999996]
3|20000|134.981267983|55.9596204937|[1, 3, 0]|5|18067.4195628|1932.58043722|39.8288066012|[0.0, 4.97860082515, 14.93580247545, 24.89300412575, 34.850205776050004]|[1207.3654999999999, 484.33, 470.49199999999996]
3|20000|131.081859837|55.7643152559|[2, 6, 0]|10|19803.1625501|196.837449881|39.8288066012|[0.0, 2.2127114778444446, 6.6381344335333337, 11.063557389222222, 15.488980344911113, 19.9144033006, 24.339826256288887, 28.765249211977775, 33.190672167666662, 37.616095123355549]|[1207.3654999999999, 484.33, 470.49199999999996]
3|20000|131.894828372|55.6152516484|[4, 6, 0]|15|19600.3083531|399.691646858|39.8288066012|[0.0, 1.4224573786142858, 4.2673721358428569, 7.1122868930714285, 9.9572016503, 12.802116407528572, 15.647031164757145, 18.491945921985717, 21.33686067921429, 24.181775436442862, 27.026690193671435, 29.871604950900007, 32.71651970812858, 35.561434465357152, 38.406349222585717]|[1207.3654999999999, 484.33, 470.49199999999996]
3|40000|98.5981122557|56.2298553313|[1, 1, 0]|2|33689.1064488|6310.89355119|39.8288066012|[0.0, 19.9144033006]|[1207.3654999999999, 484.33, 470.49199999999996]
3|40000|88.8415334393|57.6947266769|[3, 2, 1]|5|39631.2034451|368.796554851|39.8288066012|[0.0, 4.97860082515, 14.93580247545, 24.89300412575, 34.850205776050004]|[1207.3654999999999, 484.33, 470.49199999999996]
3|40000|87.7351098527|60.6399027768|[6, 5, 0]|10|39032.2094484|967.790551583|39.8288066012|[0.0, 2.2127114778444446, 6.6381344335333337, 11.063557389222222, 15.488980344911113, 19.9144033006, 24.339826256288887, 28.765249211977775, 33.190672167666662, 37.616095123355549]|[1207.3654999999999, 484.33, 470.49199999999996]
3|40000|86.5513156721|58.0434927552|[9, 8, 0]|15|39530.3231235|469.676876528|39.8288066012|[0.0, 1.4224573786142858, 4.2673721358428569, 7.1122868930714285, 9.9572016503, 12.802116407528572, 15.647031164757145, 18.491945921985717, 21.33686067921429, 24.181775436442862, 27.026690193671435, 29.871604950900007, 32.71651970812858, 35.561434465357152, 38.406349222585717]|[1207.3654999999999, 484.33, 470.49199999999996]
3|60000|83.9777313101|56.8014040198|[1, 1, 1]|2|43058.6738865|16941.3261135|39.8288066012|[0.0, 19.9144033006]|[1207.3654999999999, 484.33, 470.49199999999996]
3|60000|56.4516100597|56.217783492|[4, 4, 0]|5|58955.9362854|1044.06371458|39.8288066012|[0.0, 4.97860082515, 14.93580247545, 24.89300412575, 34.850205776050004]|[1207.3654999999999, 484.33, 470.49199999999996]
3|60000|55.220500767|56.5212781814|[8, 7, 3]|10|59210.4608911|789.539108942|39.8288066012|[0.0, 2.2127114778444446, 6.6381344335333337, 11.063557389222222, 15.488980344911113, 19.9144033006, 24.339826256288887, 28.765249211977775, 33.190672167666662, 37.616095123355549]|[1207.3654999999999, 484.33, 470.49199999999996]
3|60000|53.835565449|56.6559892707|[12, 11, 5]|15|59991.8049543|8.19504565515|39.8288066012|[0.0, 1.4224573786142858, 4.2673721358428569, 7.1122868930714285, 9.9572016503, 12.802116407528572, 15.647031164757145, 18.491945921985717, 21.33686067921429, 24.181775436442862, 27.026690193671435, 29.871604950900007, 32.71651970812858, 35.561434465357152, 38.406349222585717]|[1207.3654999999999, 484.33, 470.49199999999996]
3|80000|83.9777313101|57.9766408201|[1, 1, 1]|2|43058.6738865|36941.3261135|39.8288066012|[0.0, 19.9144033006]|[1207.3654999999999, 484.33, 470.49199999999996]
3|80000|35.2241721959|56.9369755548|[4, 4, 4]|5|75352.6793014|4647.3206986|39.8288066012|[0.0, 4.97860082515, 14.93580247545, 24.89300412575, 34.850205776050004]|[1207.3654999999999, 484.33, 470.49199999999996]
3|80000|31.1955904496|55.8243407991|[9, 9, 8]|10|79250.9245773|749.075422738|39.8288066012|[0.0, 2.2127114778444446, 6.6381344335333337, 11.063557389222222, 15.488980344911113, 19.9144033006, 24.339826256288887, 28.765249211977775, 33.190672167666662, 37.616095123355549]|[1207.3654999999999, 484.33, 470.49199999999996]
3|80000|31.3720148132|56.2668232061|[14, 14, 11]|15|79026.1993078|973.800692164|39.8288066012|[0.0, 1.4224573786142858, 4.2673721358428569, 7.1122868930714285, 9.9572016503, 12.802116407528572, 15.647031164757145, 18.491945921985717, 21.33686067921429, 24.181775436442862, 27.026690193671435, 29.871604950900007, 32.71651970812858, 35.561434465357152, 38.406349222585717]|[1207.3654999999999, 484.33, 470.49199999999996]
3|100000|83.9777313101|57.2799051092|[1, 1, 1]|2|43058.6738865|56941.3261135|39.8288066012|[0.0, 19.9144033006]|[1207.3654999999999, 484.33, 470.49199999999996]
3|100000|35.2241721959|57.0421518822|[4, 4, 4]|5|75352.6793014|24647.3206986|39.8288066012|[0.0, 4.97860082515, 14.93580247545, 24.89300412575, 34.850205776050004]|[1207.3654999999999, 484.33, 470.49199999999996]
3|100000|29.7419924053|58.3471262537|[9, 9, 9]|10|81333.0506745|18666.9493255|39.8288066012|[0.0, 2.2127114778444446, 6.6381344335333337, 11.063557389222222, 15.488980344911113, 19.9144033006, 24.339826256288887, 28.765249211977775, 33.190672167666662, 37.616095123355549]|[1207.3654999999999, 484.33, 470.49199999999996]
3|100000|28.3464473318|56.9646184741|[14, 14, 14]|15|83041.7282097|16958.2717903|39.8288066012|[0.0, 1.4224573786142858, 4.2673721358428569, 7.1122868930714285, 9.9572016503, 12.802116407528572, 15.647031164757145, 18.491945921985717, 21.33686067921429, 24.181775436442862, 27.026690193671435, 29.871604950900007, 32.71651970812858, 35.561434465357152, 38.406349222585717]|[1207.3654999999999, 484.33, 470.49199999999996]
3|120000|83.9777313101|58.8892422958|[1, 1, 1]|2|43058.6738865|76941.3261135|39.8288066012|[0.0, 19.9144033006]|[1207.3654999999999, 484.33, 470.49199999999996]
3|120000|35.2241721959|58.0918705662|[4, 4, 4]|5|75352.6793014|44647.3206986|39.8288066012|[0.0, 4.97860082515, 14.93580247545, 24.89300412575, 34.850205776050004]|[1207.3654999999999, 484.33, 470.49199999999996]
3|120000|29.7419924053|58.207114819|[9, 9, 9]|10|81333.0506745|38666.9493255|39.8288066012|[0.0, 2.2127114778444446, 6.6381344335333337, 11.063557389222222, 15.488980344911113, 19.9144033006, 24.339826256288887, 28.765249211977775, 33.190672167666662, 37.616095123355549]|[1207.3654999999999, 484.33, 470.49199999999996]
3|120000|28.3464473318|56.6386870595|[14, 14, 14]|15|83041.7282097|36958.2717903|39.8288066012|[0.0, 1.4224573786142858, 4.2673721358428569, 7.1122868930714285, 9.9572016503, 12.802116407528572, 15.647031164757145, 18.491945921985717, 21.33686067921429, 24.181775436442862, 27.026690193671435, 29.871604950900007, 32.71651970812858, 35.561434465357152, 38.406349222585717]|[1207.3654999999999, 484.33, 470.49199999999996]
3|140000|83.9777313101|56.1786782986|[1, 1, 1]|2|43058.6738865|96941.3261135|39.8288066012|[0.0, 19.9144033006]|[1207.3654999999999, 484.33, 470.49199999999996]
3|140000|35.2241721959|56.7049908693|[4, 4, 4]|5|75352.6793014|64647.3206986|39.8288066012|[0.0, 4.97860082515, 14.93580247545, 24.89300412575, 34.850205776050004]|[1207.3654999999999, 484.33, 470.49199999999996]
3|140000|29.7419924053|55.7211089367|[9, 9, 9]|10|81333.0506745|58666.9493255|39.8288066012|[0.0, 2.2127114778444446, 6.6381344335333337, 11.063557389222222, 15.488980344911113, 19.9144033006, 24.339826256288887, 28.765249211977775, 33.190672167666662, 37.616095123355549]|[1207.3654999999999, 484.33, 470.49199999999996]
3|140000|28.3464473318|55.9779117197|[14, 14, 14]|15|83041.7282097|56958.2717903|39.8288066012|[0.0, 1.4224573786142858, 4.2673721358428569, 7.1122868930714285, 9.9572016503, 12.802116407528572, 15.647031164757145, 18.491945921985717, 21.33686067921429, 24.181775436442862, 27.026690193671435, 29.871604950900007, 32.71651970812858, 35.561434465357152, 38.406349222585717]|[1207.3654999999999, 484.33, 470.49199999999996]
4|20000|136.543680847|118.074558115|[0, 1, 1, 0]|2|19014.7103883|985.289611715|39.8288066012|[0.0, 19.9144033006]|[615.7909999999999, 484.33, 470.49199999999996, 591.5745]
4|20000|128.459629245|123.476649069|[2, 2, 0, 1]|5|19376.4032489|623.596751068|39.8288066012|[0.0, 4.97860082515, 14.93580247545, 24.89300412575, 34.850205776050004]|[615.7909999999999, 484.33, 470.49199999999996, 591.5745]
4|20000|125.237956286|117.634281009|[5, 4, 0, 0]|10|19764.8881733|235.111826669|39.8288066012|[0.0, 2.2127114778444446, 6.6381344335333337, 11.063557389222222, 15.488980344911113, 19.9144033006, 24.339826256288887, 28.765249211977775, 33.190672167666662, 37.616095123355549]|[615.7909999999999, 484.33, 470.49199999999996, 591.5745]
4|20000|125.304970636|117.765410653|[6, 8, 0, 0]|15|19969.3827007|30.6172992592|39.8288066012|[0.0, 1.4224573786142858, 4.2673721358428569, 7.1122868930714285, 9.9572016503, 12.802116407528572, 15.647031164757145, 18.491945921985717, 21.33686067921429, 24.181775436442862, 27.026690193671435, 29.871604950900007, 32.71651970812858, 35.561434465357152, 38.406349222585717]|[615.7909999999999, 484.33, 470.49199999999996, 591.5745]
4|40000|96.4251031162|115.334094982|[1, 1, 0, 1]|2|33689.1064488|6310.89355119|39.8288066012|[0.0, 19.9144033006]|[615.7909999999999, 484.33, 470.49199999999996, 591.5745]
4|40000|86.7975482662|114.72442215|[3, 2, 1, 3]|5|39631.2034451|368.796554851|39.8288066012|[0.0, 4.97860082515, 14.93580247545, 24.89300412575, 34.850205776050004]|[615.7909999999999, 484.33, 470.49199999999996, 591.5745]
4|40000|84.5629826417|117.749233137|[6, 6, 1, 5]|10|39598.6702249|401.32977512|39.8288066012|[0.0, 2.2127114778444446, 6.6381344335333337, 11.063557389222222, 15.488980344911113, 19.9144033006, 24.339826256288887, 28.765249211977775, 33.190672167666662, 37.616095123355549]|[615.7909999999999, 484.33, 470.49199999999996, 591.5745]
4|40000|83.7189784105|117.5185788|[10, 9, 1, 7]|15|39963.370358|36.6296420118|39.8288066012|[0.0, 1.4224573786142858, 4.2673721358428569, 7.1122868930714285, 9.9572016503, 12.802116407528572, 15.647031164757145, 18.491945921985717, 21.33686067921429, 24.181775436442862, 27.026690193671435, 29.871604950900007, 32.71651970812858, 35.561434465357152, 38.406349222585717]|[615.7909999999999, 484.33, 470.49199999999996, 591.5745]
4|60000|81.466475196|116.818262782|[1, 1, 1, 1]|2|43058.6738865|16941.3261135|39.8288066012|[0.0, 19.9144033006]|[615.7909999999999, 484.33, 470.49199999999996, 591.5745]
4|60000|52.3799581125|117.645293007|[4, 3, 3, 3]|5|59954.8975196|45.102480415|39.8288066012|[0.0, 4.97860082515, 14.93580247545, 24.89300412575, 34.850205776050004]|[615.7909999999999, 484.33, 470.49199999999996, 591.5745]
4|60000|52.6631822377|114.750125156|[7, 8, 6, 6]|10|59639.1339111|360.866088916|39.8288066012|[0.0, 2.2127114778444446, 6.6381344335333337, 11.063557389222222, 15.488980344911113, 19.9144033006, 24.339826256288887, 28.765249211977775, 33.190672167666662, 37.616095123355549]|[615.7909999999999, 484.33, 470.49199999999996, 591.5745]
4|60000|52.1271962471|115.079162139|[11, 12, 9, 9]|15|59922.9110761|77.0889238736|39.8288066012|[0.0, 1.4224573786142858, 4.2673721358428569, 7.1122868930714285, 9.9572016503, 12.802116407528572, 15.647031164757145, 18.491945921985717, 21.33686067921429, 24.181775436442862, 27.026690193671435, 29.871604950900007, 32.71651970812858, 35.561434465357152, 38.406349222585717]|[615.7909999999999, 484.33, 470.49199999999996, 591.5745]
4|80000|81.466475196|122.033103407|[1, 1, 1, 1]|2|43058.6738865|36941.3261135|39.8288066012|[0.0, 19.9144033006]|[615.7909999999999, 484.33, 470.49199999999996, 591.5745]
4|80000|33.8560256485|116.821912209|[4, 4, 4, 4]|5|75352.6793014|4647.3206986|39.8288066012|[0.0, 4.97860082515, 14.93580247545, 24.89300412575, 34.850205776050004]|[615.7909999999999, 484.33, 470.49199999999996, 591.5745]
4|80000|30.0720511907|115.412612|[9, 9, 8, 9]|10|79250.9245773|749.075422738|39.8288066012|[0.0, 2.2127114778444446, 6.6381344335333337, 11.063557389222222, 15.488980344911113, 19.9144033006, 24.339826256288887, 28.765249211977775, 33.190672167666662, 37.616095123355549]|[615.7909999999999, 484.33, 470.49199999999996, 591.5745]
4|80000|29.7940978233|116.224513457|[13, 14, 13, 14]|15|79951.3456725|48.654327517|39.8288066012|[0.0, 1.4224573786142858, 4.2673721358428569, 7.1122868930714285, 9.9572016503, 12.802116407528572, 15.647031164757145, 18.491945921985717, 21.33686067921429, 24.181775436442862, 27.026690193671435, 29.871604950900007, 32.71651970812858, 35.561434465357152, 38.406349222585717]|[615.7909999999999, 484.33, 470.49199999999996, 591.5745]
4|100000|81.466475196|115.937770863|[1, 1, 1, 1]|2|43058.6738865|56941.3261135|39.8288066012|[0.0, 19.9144033006]|[615.7909999999999, 484.33, 470.49199999999996, 591.5745]
4|100000|33.8560256485|116.17864189|[4, 4, 4, 4]|5|75352.6793014|24647.3206986|39.8288066012|[0.0, 4.97860082515, 14.93580247545, 24.89300412575, 34.850205776050004]|[615.7909999999999, 484.33, 470.49199999999996, 591.5745]
4|100000|28.5818329912|116.418201341|[9, 9, 9, 9]|10|81333.0506745|18666.9493255|39.8288066012|[0.0, 2.2127114778444446, 6.6381344335333337, 11.063557389222222, 15.488980344911113, 19.9144033006, 24.339826256288887, 28.765249211977775, 33.190672167666662, 37.616095123355549]|[615.7909999999999, 484.33, 470.49199999999996, 591.5745]
4|100000|27.2419869524|116.839158669|[14, 14, 14, 14]|15|83041.7282097|16958.2717903|39.8288066012|[0.0, 1.4224573786142858, 4.2673721358428569, 7.1122868930714285, 9.9572016503, 12.802116407528572, 15.647031164757145, 18.491945921985717, 21.33686067921429, 24.181775436442862, 27.026690193671435, 29.871604950900007, 32.71651970812858, 35.561434465357152, 38.406349222585717]|[615.7909999999999, 484.33, 470.49199999999996, 591.5745]
4|120000|81.466475196|116.934517098|[1, 1, 1, 1]|2|43058.6738865|76941.3261135|39.8288066012|[0.0, 19.9144033006]|[615.7909999999999, 484.33, 470.49199999999996, 591.5745]
4|120000|33.8560256485|116.608500634|[4, 4, 4, 4]|5|75352.6793014|44647.3206986|39.8288066012|[0.0, 4.97860082515, 14.93580247545, 24.89300412575, 34.850205776050004]|[615.7909999999999, 484.33, 470.49199999999996, 591.5745]
4|120000|28.5818329912|115.791091472|[9, 9, 9, 9]|10|81333.0506745|38666.9493255|39.8288066012|[0.0, 2.2127114778444446, 6.6381344335333337, 11.063557389222222, 15.488980344911113, 19.9144033006, 24.339826256288887, 28.765249211977775, 33.190672167666662, 37.616095123355549]|[615.7909999999999, 484.33, 470.49199999999996, 591.5745]
4|120000|27.2419869524|115.082830909|[14, 14, 14, 14]|15|83041.7282097|36958.2717903|39.8288066012|[0.0, 1.4224573786142858, 4.2673721358428569, 7.1122868930714285, 9.9572016503, 12.802116407528572, 15.647031164757145, 18.491945921985717, 21.33686067921429, 24.181775436442862, 27.026690193671435, 29.871604950900007, 32.71651970812858, 35.561434465357152, 38.406349222585717]|[615.7909999999999, 484.33, 470.49199999999996, 591.5745]
4|140000|81.466475196|114.132054943|[1, 1, 1, 1]|2|43058.6738865|96941.3261135|39.8288066012|[0.0, 19.9144033006]|[615.7909999999999, 484.33, 470.49199999999996, 591.5745]
4|140000|33.8560256485|112.374462826|[4, 4, 4, 4]|5|75352.6793014|64647.3206986|39.8288066012|[0.0, 4.97860082515, 14.93580247545, 24.89300412575, 34.850205776050004]|[615.7909999999999, 484.33, 470.49199999999996, 591.5745]
4|140000|28.5818329912|115.539203896|[9, 9, 9, 9]|10|81333.0506745|58666.9493255|39.8288066012|[0.0, 2.2127114778444446, 6.6381344335333337, 11.063557389222222, 15.488980344911113, 19.9144033006, 24.339826256288887, 28.765249211977775, 33.190672167666662, 37.616095123355549]|[615.7909999999999, 484.33, 470.49199999999996, 591.5745]
4|140000|27.2419869524|115.836320478|[14, 14, 14, 14]|15|83041.7282097|56958.2717903|39.8288066012|[0.0, 1.4224573786142858, 4.2673721358428569, 7.1122868930714285, 9.9572016503, 12.802116407528572, 15.647031164757145, 18.491945921985717, 21.33686067921429, 24.181775436442862, 27.026690193671435, 29.871604950900007, 32.71651970812858, 35.561434465357152, 38.406349222585717]|[615.7909999999999, 484.33, 470.49199999999996, 591.5745]
5|20000|129.795309533|231.364278563|[0, 0, 0, 1, 1]|2|16810.1062853|3189.8937147|39.8288066012|[0.0, 19.9144033006]|[366.707, 304.436, 646.9264999999999, 422.05899999999997, 422.05899999999997]
5|20000|122.897073949|232.156608507|[3, 0, 0, 0, 3]|5|19634.7552923|365.244707749|39.8288066012|[0.0, 4.97860082515, 14.93580247545, 24.89300412575, 34.850205776050004]|[366.707, 304.436, 646.9264999999999, 422.05899999999997, 422.05899999999997]
5|20000|122.875977155|230.466300965|[6, 1, 0, 0, 6]|10|19872.0564283|127.943571663|39.8288066012|[0.0, 2.2127114778444446, 6.6381344335333337, 11.063557389222222, 15.488980344911113, 19.9144033006, 24.339826256288887, 28.765249211977775, 33.190672167666662, 37.616095123355549]|[366.707, 304.436, 646.9264999999999, 422.05899999999997, 422.05899999999997]
5|20000|122.288909258|235.543549929|[7, 0, 0, 2, 10]|15|19989.0666659|10.9333340539|39.8288066012|[0.0, 1.4224573786142858, 4.2673721358428569, 7.1122868930714285, 9.9572016503, 12.802116407528572, 15.647031164757145, 18.491945921985717, 21.33686067921429, 24.181775436442862, 27.026690193671435, 29.871604950900007, 32.71651970812858, 35.561434465357152, 38.406349222585717]|[366.707, 304.436, 646.9264999999999, 422.05899999999997, 422.05899999999997]
5|40000|89.4687949524|230.695357007|[1, 0, 1, 1, 1]|2|36996.0126033|3003.98739671|39.8288066012|[0.0, 19.9144033006]|[366.707, 304.436, 646.9264999999999, 422.05899999999997, 422.05899999999997]
5|40000|82.748204893|231.435704655|[3, 0, 2, 3, 3]|5|39803.4381407|196.561859305|39.8288066012|[0.0, 4.97860082515, 14.93580247545, 24.89300412575, 34.850205776050004]|[366.707, 304.436, 646.9264999999999, 422.05899999999997, 422.05899999999997]
5|40000|82.7965526775|233.264545087|[5, 0, 4, 6, 7]|10|39736.4579813|263.542018684|39.8288066012|[0.0, 2.2127114778444446, 6.6381344335333337, 11.063557389222222, 15.488980344911113, 19.9144033006, 24.339826256288887, 28.765249211977775, 33.190672167666662, 37.616095123355549]|[366.707, 304.436, 646.9264999999999, 422.05899999999997, 422.05899999999997]
5|40000|82.2428935585|239.159866538|[9, 0, 5, 9, 11]|15|39963.370358|36.6296420118|39.8288066012|[0.0, 1.4224573786142858, 4.2673721358428569, 7.1122868930714285, 9.9572016503, 12.802116407528572, 15.647031164757145, 18.491945921985717, 21.33686067921429, 24.181775436442862, 27.026690193671435, 29.871604950900007, 32.71651970812858, 35.561434465357152, 38.406349222585717]|[366.707, 304.436, 646.9264999999999, 422.05899999999997, 422.05899999999997]
5|60000|79.2832746918|227.9909538|[1, 1, 1, 1, 1]|2|43058.6738865|16941.3261135|39.8288066012|[0.0, 19.9144033006]|[366.707, 304.436, 646.9264999999999, 422.05899999999997, 422.05899999999997]
5|60000|51.9586781744|233.376196517|[4, 1, 3, 4, 4]|5|59817.1097631|182.890236852|39.8288066012|[0.0, 4.97860082515, 14.93580247545, 24.89300412575, 34.850205776050004]|[366.707, 304.436, 646.9264999999999, 422.05899999999997, 422.05899999999997]
5|60000|50.0372426631|230.424855075|[7, 6, 6, 7, 8]|10|59853.4704211|146.529578903|39.8288066012|[0.0, 2.2127114778444446, 6.6381344335333337, 11.063557389222222, 15.488980344911113, 19.9144033006, 24.339826256288887, 28.765249211977775, 33.190672167666662, 37.616095123355549]|[366.707, 304.436, 646.9264999999999, 422.05899999999997, 422.05899999999997]
5|60000|49.9351017382|233.247448814|[10, 9, 10, 10, 12]|15|59972.1209891|27.8790108604|39.8288066012|[0.0, 1.4224573786142858, 4.2673721358428569, 7.1122868930714285, 9.9572016503, 12.802116407528572, 15.647031164757145, 18.491945921985717, 21.33686067921429, 24.181775436442862, 27.026690193671435, 29.871604950900007, 32.71651970812858, 35.561434465357152, 38.406349222585717]|[366.707, 304.436, 646.9264999999999, 422.05899999999997, 422.05899999999997]
5|80000|79.2832746918|227.818229217|[1, 1, 1, 1, 1]|2|43058.6738865|36941.3261135|39.8288066012|[0.0, 19.9144033006]|[366.707, 304.436, 646.9264999999999, 422.05899999999997, 422.05899999999997]
5|80000|32.6161701271|233.253729641|[4, 4, 4, 4, 4]|5|75352.6793014|4647.3206986|39.8288066012|[0.0, 4.97860082515, 14.93580247545, 24.89300412575, 34.850205776050004]|[366.707, 304.436, 646.9264999999999, 422.05899999999997, 422.05899999999997]
5|80000|28.4851834363|230.075555094|[9, 8, 9, 9, 9]|10|79985.7926116|14.2073884078|39.8288066012|[0.0, 2.2127114778444446, 6.6381344335333337, 11.063557389222222, 15.488980344911113, 19.9144033006, 24.339826256288887, 28.765249211977775, 33.190672167666662, 37.616095123355549]|[366.707, 304.436, 646.9264999999999, 422.05899999999997, 422.05899999999997]
5|80000|28.6302696117|234.302191932|[13, 13, 14, 13, 14]|15|79931.6617073|68.3382927222|39.8288066012|[0.0, 1.4224573786142858, 4.2673721358428569, 7.1122868930714285, 9.9572016503, 12.802116407528572, 15.647031164757145, 18.491945921985717, 21.33686067921429, 24.181775436442862, 27.026690193671435, 29.871604950900007, 32.71651970812858, 35.561434465357152, 38.406349222585717]|[366.707, 304.436, 646.9264999999999, 422.05899999999997, 422.05899999999997]
5|100000|79.2832746918|232.209045631|[1, 1, 1, 1, 1]|2|43058.6738865|56941.3261135|39.8288066012|[0.0, 19.9144033006]|[366.707, 304.436, 646.9264999999999, 422.05899999999997, 422.05899999999997]
5|100000|32.6161701271|231.10553615|[4, 4, 4, 4, 4]|5|75352.6793014|24647.3206986|39.8288066012|[0.0, 4.97860082515, 14.93580247545, 24.89300412575, 34.850205776050004]|[366.707, 304.436, 646.9264999999999, 422.05899999999997, 422.05899999999997]
5|100000|27.5235394791|228.786881688|[9, 9, 9, 9, 9]|10|81333.0506745|18666.9493255|39.8288066012|[0.0, 2.2127114778444446, 6.6381344335333337, 11.063557389222222, 15.488980344911113, 19.9144033006, 24.339826256288887, 28.765249211977775, 33.190672167666662, 37.616095123355549]|[366.707, 304.436, 646.9264999999999, 422.05899999999997, 422.05899999999997]
5|100000|26.2327765715|235.244490872|[14, 14, 14, 14, 14]|15|83041.7282097|16958.2717903|39.8288066012|[0.0, 1.4224573786142858, 4.2673721358428569, 7.1122868930714285, 9.9572016503, 12.802116407528572, 15.647031164757145, 18.491945921985717, 21.33686067921429, 24.181775436442862, 27.026690193671435, 29.871604950900007, 32.71651970812858, 35.561434465357152, 38.406349222585717]|[366.707, 304.436, 646.9264999999999, 422.05899999999997, 422.05899999999997]
5|120000|79.2832746918|227.582374944|[1, 1, 1, 1, 1]|2|43058.6738865|76941.3261135|39.8288066012|[0.0, 19.9144033006]|[366.707, 304.436, 646.9264999999999, 422.05899999999997, 422.05899999999997]
5|120000|32.6161701271|231.838522935|[4, 4, 4, 4, 4]|5|75352.6793014|44647.3206986|39.8288066012|[0.0, 4.97860082515, 14.93580247545, 24.89300412575, 34.850205776050004]|[366.707, 304.436, 646.9264999999999, 422.05899999999997, 422.05899999999997]
5|120000|27.5235394791|232.464566705|[9, 9, 9, 9, 9]|10|81333.0506745|38666.9493255|39.8288066012|[0.0, 2.2127114778444446, 6.6381344335333337, 11.063557389222222, 15.488980344911113, 19.9144033006, 24.339826256288887, 28.765249211977775, 33.190672167666662, 37.616095123355549]|[366.707, 304.436, 646.9264999999999, 422.05899999999997, 422.05899999999997]
5|120000|26.2327765715|232.214832092|[14, 14, 14, 14, 14]|15|83041.7282097|36958.2717903|39.8288066012|[0.0, 1.4224573786142858, 4.2673721358428569, 7.1122868930714285, 9.9572016503, 12.802116407528572, 15.647031164757145, 18.491945921985717, 21.33686067921429, 24.181775436442862, 27.026690193671435, 29.871604950900007, 32.71651970812858, 35.561434465357152, 38.406349222585717]|[366.707, 304.436, 646.9264999999999, 422.05899999999997, 422.05899999999997]
5|140000|79.2832746918|230.676276446|[1, 1, 1, 1, 1]|2|43058.6738865|96941.3261135|39.8288066012|[0.0, 19.9144033006]|[366.707, 304.436, 646.9264999999999, 422.05899999999997, 422.05899999999997]
5|140000|32.6161701271|231.057504508|[4, 4, 4, 4, 4]|5|75352.6793014|64647.3206986|39.8288066012|[0.0, 4.97860082515, 14.93580247545, 24.89300412575, 34.850205776050004]|[366.707, 304.436, 646.9264999999999, 422.05899999999997, 422.05899999999997]
5|140000|27.5235394791|230.338252428|[9, 9, 9, 9, 9]|10|81333.0506745|58666.9493255|39.8288066012|[0.0, 2.2127114778444446, 6.6381344335333337, 11.063557389222222, 15.488980344911113, 19.9144033006, 24.339826256288887, 28.765249211977775, 33.190672167666662, 37.616095123355549]|[366.707, 304.436, 646.9264999999999, 422.05899999999997, 422.05899999999997]
5|140000|26.2327765715|233.595915941|[14, 14, 14, 14, 14]|15|83041.7282097|56958.2717903|39.8288066012|[0.0, 1.4224573786142858, 4.2673721358428569, 7.1122868930714285, 9.9572016503, 12.802116407528572, 15.647031164757145, 18.491945921985717, 21.33686067921429, 24.181775436442862, 27.026690193671435, 29.871604950900007, 32.71651970812858, 35.561434465357152, 38.406349222585717]|[366.707, 304.436, 646.9264999999999, 422.05899999999997, 422.05899999999997]
6|20000|125.389297709|464.064049584|[0, 1, 0, 0, 1, 1]|2|18532.4532408|1467.54675924|39.8288066012|[0.0, 19.9144033006]|[332.11199999999997, 480.8705, 477.41099999999994, 422.05899999999997, 276.76, 172.975]
6|20000|121.621866526|465.413922722|[0, 1, 0, 2, 3, 3]|5|19893.1073356|106.89266443|39.8288066012|[0.0, 4.97860082515, 14.93580247545, 24.89300412575, 34.850205776050004]|[332.11199999999997, 480.8705, 477.41099999999994, 422.05899999999997, 276.76, 172.975]
6|20000|120.952788515|474.255612097|[0, 4, 0, 0, 6, 8]|10|19925.6405558|74.3594441598|39.8288066012|[0.0, 2.2127114778444446, 6.6381344335333337, 11.063557389222222, 15.488980344911113, 19.9144033006, 24.339826256288887, 28.765249211977775, 33.190672167666662, 37.616095123355549]|[332.11199999999997, 480.8705, 477.41099999999994, 422.05899999999997, 276.76, 172.975]
6|20000|120.567862211|595.193559884|[0, 0, 0, 7, 10, 10]|15|19959.5407181|40.4592818618|39.8288066012|[0.0, 1.4224573786142858, 4.2673721358428569, 7.1122868930714285, 9.9572016503, 12.802116407528572, 15.647031164757145, 18.491945921985717, 21.33686067921429, 24.181775436442862, 27.026690193671435, 29.871604950900007, 32.71651970812858, 35.561434465357152, 38.406349222585717]|[332.11199999999997, 480.8705, 477.41099999999994, 422.05899999999997, 276.76, 172.975]
6|40000|88.99111097|467.160529579|[1, 1, 1, 1, 1, 0]|2|39613.9799756|386.020024405|39.8288066012|[0.0, 19.9144033006]|[332.11199999999997, 480.8705, 477.41099999999994, 422.05899999999997, 276.76, 172.975]
6|40000|82.4631578041|463.172015462|[1, 3, 0, 3, 4, 4]|5|39803.4381407|196.561859305|39.8288066012|[0.0, 4.97860082515, 14.93580247545, 24.89300412575, 34.850205776050004]|[332.11199999999997, 480.8705, 477.41099999999994, 422.05899999999997, 276.76, 172.975]
6|40000|81.1437862405|490.887709707|[0, 5, 5, 5, 6, 8]|10|39966.104242|33.8957579555|39.8288066012|[0.0, 2.2127114778444446, 6.6381344335333337, 11.063557389222222, 15.488980344911113, 19.9144033006, 24.339826256288887, 28.765249211977775, 33.190672167666662, 37.616095123355549]|[332.11199999999997, 480.8705, 477.41099999999994, 422.05899999999997, 276.76, 172.975]
6|40000|81.0722836157|1749.1786746|[0, 8, 6, 8, 10, 12]|15|39874.7925146|125.207485435|39.8288066012|[0.0, 1.4224573786142858, 4.2673721358428569, 7.1122868930714285, 9.9572016503, 12.802116407528572, 15.647031164757145, 18.491945921985717, 21.33686067921429, 24.181775436442862, 27.026690193671435, 29.871604950900007, 32.71651970812858, 35.561434465357152, 38.406349222585717]|[332.11199999999997, 480.8705, 477.41099999999994, 422.05899999999997, 276.76, 172.975]
6|60000|79.11846505|463.765079559|[1, 1, 1, 1, 1, 1]|2|43058.6738865|16941.3261135|39.8288066012|[0.0, 19.9144033006]|[332.11199999999997, 480.8705, 477.41099999999994, 422.05899999999997, 276.76, 172.975]
6|60000|50.6146082101|459.181355209|[2, 4, 3, 3, 4, 4]|5|59782.662824|217.337175961|39.8288066012|[0.0, 4.97860082515, 14.93580247545, 24.89300412575, 34.850205776050004]|[332.11199999999997, 480.8705, 477.41099999999994, 422.05899999999997, 276.76, 172.975]
6|60000|49.5662117533|478.494618872|[5, 7, 6, 7, 8, 9]|10|59899.3996732|100.600326758|39.8288066012|[0.0, 2.2127114778444446, 6.6381344335333337, 11.063557389222222, 15.488980344911113, 19.9144033006, 24.339826256288887, 28.765249211977775, 33.190672167666662, 37.616095123355549]|[332.11199999999997, 480.8705, 477.41099999999994, 422.05899999999997, 276.76, 172.975]
6|60000|49.4986147739|3606.79456483|[8, 10, 10, 10, 13, 12]|15|59893.3851283|106.614871681|39.8288066012|[0.0, 1.4224573786142858, 4.2673721358428569, 7.1122868930714285, 9.9572016503, 12.802116407528572, 15.647031164757145, 18.491945921985717, 21.33686067921429, 24.181775436442862, 27.026690193671435, 29.871604950900007, 32.71651970812858, 35.561434465357152, 38.406349222585717]|[332.11199999999997, 480.8705, 477.41099999999994, 422.05899999999997, 276.76, 172.975]
6|80000|79.11846505|465.230933377|[1, 1, 1, 1, 1, 1]|2|43058.6738865|36941.3261135|39.8288066012|[0.0, 19.9144033006]|[332.11199999999997, 480.8705, 477.41099999999994, 422.05899999999997, 276.76, 172.975]
6|80000|32.5256576299|458.045864741|[4, 4, 4, 4, 4, 4]|5|75352.6793014|4647.3206986|39.8288066012|[0.0, 4.97860082515, 14.93580247545, 24.89300412575, 34.850205776050004]|[332.11199999999997, 480.8705, 477.41099999999994, 422.05899999999997, 276.76, 172.975]
6|80000|28.4368811293|466.84161485|[8, 9, 9, 9, 9, 9]|10|79863.3146059|136.685394129|39.8288066012|[0.0, 2.2127114778444446, 6.6381344335333337, 11.063557389222222, 15.488980344911113, 19.9144033006, 24.339826256288887, 28.765249211977775, 33.190672167666662, 37.616095123355549]|[332.11199999999997, 480.8705, 477.41099999999994, 422.05899999999997, 276.76, 172.975]
6|80000|28.3466912295|485.435993082|[12, 14, 14, 13, 14, 14]|15|79951.3456725|48.654327517|39.8288066012|[0.0, 1.4224573786142858, 4.2673721358428569, 7.1122868930714285, 9.9572016503, 12.802116407528572, 15.647031164757145, 18.491945921985717, 21.33686067921429, 24.181775436442862, 27.026690193671435, 29.871604950900007, 32.71651970812858, 35.561434465357152, 38.406349222585717]|[332.11199999999997, 480.8705, 477.41099999999994, 422.05899999999997, 276.76, 172.975]
6|100000|79.11846505|465.414717176|[1, 1, 1, 1, 1, 1]|2|43058.6738865|56941.3261135|39.8288066012|[0.0, 19.9144033006]|[332.11199999999997, 480.8705, 477.41099999999994, 422.05899999999997, 276.76, 172.975]
6|100000|32.5256576299|464.403679579|[4, 4, 4, 4, 4, 4]|5|75352.6793014|24647.3206986|39.8288066012|[0.0, 4.97860082515, 14.93580247545, 24.89300412575, 34.850205776050004]|[332.11199999999997, 480.8705, 477.41099999999994, 422.05899999999997, 276.76, 172.975]
6|100000|27.446622622|471.913663024|[9, 9, 9, 9, 9, 9]|10|81333.0506745|18666.9493255|39.8288066012|[0.0, 2.2127114778444446, 6.6381344335333337, 11.063557389222222, 15.488980344911113, 19.9144033006, 24.339826256288887, 28.765249211977775, 33.190672167666662, 37.616095123355549]|[332.11199999999997, 480.8705, 477.41099999999994, 422.05899999999997, 276.76, 172.975]
6|100000|26.1595110445|478.809959836|[14, 14, 14, 14, 14, 14]|15|83041.7282097|16958.2717903|39.8288066012|[0.0, 1.4224573786142858, 4.2673721358428569, 7.1122868930714285, 9.9572016503, 12.802116407528572, 15.647031164757145, 18.491945921985717, 21.33686067921429, 24.181775436442862, 27.026690193671435, 29.871604950900007, 32.71651970812858, 35.561434465357152, 38.406349222585717]|[332.11199999999997, 480.8705, 477.41099999999994, 422.05899999999997, 276.76, 172.975]
6|120000|79.11846505|462.442550105|[1, 1, 1, 1, 1, 1]|2|43058.6738865|76941.3261135|39.8288066012|[0.0, 19.9144033006]|[332.11199999999997, 480.8705, 477.41099999999994, 422.05899999999997, 276.76, 172.975]
6|120000|32.5256576299|460.010217828|[4, 4, 4, 4, 4, 4]|5|75352.6793014|44647.3206986|39.8288066012|[0.0, 4.97860082515, 14.93580247545, 24.89300412575, 34.850205776050004]|[332.11199999999997, 480.8705, 477.41099999999994, 422.05899999999997, 276.76, 172.975]
6|120000|27.446622622|471.999421724|[9, 9, 9, 9, 9, 9]|10|81333.0506745|38666.9493255|39.8288066012|[0.0, 2.2127114778444446, 6.6381344335333337, 11.063557389222222, 15.488980344911113, 19.9144033006, 24.339826256288887, 28.765249211977775, 33.190672167666662, 37.616095123355549]|[332.11199999999997, 480.8705, 477.41099999999994, 422.05899999999997, 276.76, 172.975]
6|120000|26.1595110445|484.183797168|[14, 14, 14, 14, 14, 14]|15|83041.7282097|36958.2717903|39.8288066012|[0.0, 1.4224573786142858, 4.2673721358428569, 7.1122868930714285, 9.9572016503, 12.802116407528572, 15.647031164757145, 18.491945921985717, 21.33686067921429, 24.181775436442862, 27.026690193671435, 29.871604950900007, 32.71651970812858, 35.561434465357152, 38.406349222585717]|[332.11199999999997, 480.8705, 477.41099999999994, 422.05899999999997, 276.76, 172.975]
6|140000|79.11846505|463.529877234|[1, 1, 1, 1, 1, 1]|2|43058.6738865|96941.3261135|39.8288066012|[0.0, 19.9144033006]|[332.11199999999997, 480.8705, 477.41099999999994, 422.05899999999997, 276.76, 172.975]
6|140000|32.5256576299|459.450341334|[4, 4, 4, 4, 4, 4]|5|75352.6793014|64647.3206986|39.8288066012|[0.0, 4.97860082515, 14.93580247545, 24.89300412575, 34.850205776050004]|[332.11199999999997, 480.8705, 477.41099999999994, 422.05899999999997, 276.76, 172.975]
6|140000|27.446622622|468.100437761|[9, 9, 9, 9, 9, 9]|10|81333.0506745|58666.9493255|39.8288066012|[0.0, 2.2127114778444446, 6.6381344335333337, 11.063557389222222, 15.488980344911113, 19.9144033006, 24.339826256288887, 28.765249211977775, 33.190672167666662, 37.616095123355549]|[332.11199999999997, 480.8705, 477.41099999999994, 422.05899999999997, 276.76, 172.975]
6|140000|26.1595110445|485.214795683|[14, 14, 14, 14, 14, 14]|15|83041.7282097|56958.2717903|39.8288066012|[0.0, 1.4224573786142858, 4.2673721358428569, 7.1122868930714285, 9.9572016503, 12.802116407528572, 15.647031164757145, 18.491945921985717, 21.33686067921429, 24.181775436442862, 27.026690193671435, 29.871604950900007, 32.71651970812858, 35.561434465357152, 38.406349222585717]|[332.11199999999997, 480.8705, 477.41099999999994, 422.05899999999997, 276.76, 172.975]
