Attempted hybrid experiments

Landowners|Budget|Expected Damage|Run Time|Allocation|Levels|Total Budget Used|Remaining Budget|Maximum Amount Offered|Level Amounts|Area of Each Landowner
3|20000|156.110553588|56.4213029281|[1, 1, 1]|5|10764.6684716|9235.33152837|39.8288066012|[0.0, 4.97860082515, 14.93580247545, 24.89300412575, 34.850205776050004]|[1207.3654999999999, 484.33, 470.49199999999996]
3|20000|148.157295062|56.3576285264|[2, 2, 2]|10|14352.8912955|5647.10870449|39.8288066012|[0.0, 2.2127114778444446, 6.6381344335333337, 11.063557389222222, 15.488980344911113, 19.9144033006, 24.339826256288887, 28.765249211977775, 33.190672167666662, 37.616095123355549]|[1207.3654999999999, 484.33, 470.49199999999996]
3|40000|107.073699699|55.9991640166|[2, 2, 2]|5|32294.0054149|7705.99458511|39.8288066012|[0.0, 4.97860082515, 14.93580247545, 24.89300412575, 34.850205776050004]|[1207.3654999999999, 484.33, 470.49199999999996]
3|40000|104.395720991|55.7569657699|[4, 4, 4]|10|33490.0796895|6509.92031049|39.8288066012|[0.0, 2.2127114778444446, 6.6381344335333337, 11.063557389222222, 15.488980344911113, 19.9144033006, 24.339826256288887, 28.765249211977775, 33.190672167666662, 37.616095123355549]|[1207.3654999999999, 484.33, 470.49199999999996]
3|60000|63.9574994049|56.8349437653|[3, 3, 3]|5|53823.3423581|6176.65764185|39.8288066012|[0.0, 4.97860082515, 14.93580247545, 24.89300412575, 34.850205776050004]|[1207.3654999999999, 484.33, 470.49199999999996]
3|60000|66.0013059008|56.4842881199|[6, 6, 6]|10|52627.2680835|7372.73191648|39.8288066012|[0.0, 2.2127114778444446, 6.6381344335333337, 11.063557389222222, 15.488980344911113, 19.9144033006, 24.339826256288887, 28.765249211977775, 33.190672167666662, 37.616095123355549]|[1207.3654999999999, 484.33, 470.49199999999996]
3|80000|35.2241721959|55.7369698659|[4, 4, 4]|5|75352.6793014|4647.3206986|39.8288066012|[0.0, 4.97860082515, 14.93580247545, 24.89300412575, 34.850205776050004]|[1207.3654999999999, 484.33, 470.49199999999996]
3|80000|38.9936356047|57.035373277|[8, 8, 8]|10|71764.4564775|8235.54352247|39.8288066012|[0.0, 2.2127114778444446, 6.6381344335333337, 11.063557389222222, 15.488980344911113, 19.9144033006, 24.339826256288887, 28.765249211977775, 33.190672167666662, 37.616095123355549]|[1207.3654999999999, 484.33, 470.49199999999996]
3|100000|35.2241721959|55.7606211707|[4, 4, 4]|5|75352.6793014|24647.3206986|39.8288066012|[0.0, 4.97860082515, 14.93580247545, 24.89300412575, 34.850205776050004]|[1207.3654999999999, 484.33, 470.49199999999996]
3|100000|29.7419924053|57.1602107167|[9, 9, 9]|10|81333.0506745|18666.9493255|39.8288066012|[0.0, 2.2127114778444446, 6.6381344335333337, 11.063557389222222, 15.488980344911113, 19.9144033006, 24.339826256288887, 28.765249211977775, 33.190672167666662, 37.616095123355549]|[1207.3654999999999, 484.33, 470.49199999999996]
4|20000|153.90836459|117.180478266|[1, 1, 1, 1]|5|10764.6684716|9235.33152837|39.8288066012|[0.0, 4.97860082515, 14.93580247545, 24.89300412575, 34.850205776050004]|[615.7909999999999, 484.33, 470.49199999999996, 591.5745]
4|20000|145.818717556|116.045402802|[2, 2, 2, 2]|10|14352.8912955|5647.10870449|39.8288066012|[0.0, 2.2127114778444446, 6.6381344335333337, 11.063557389222222, 15.488980344911113, 19.9144033006, 24.339826256288887, 28.765249211977775, 33.190672167666662, 37.616095123355549]|[615.7909999999999, 484.33, 470.49199999999996, 591.5745]
4|40000|104.423536495|115.416786513|[2, 2, 2, 2]|5|32294.0054149|7705.99458511|39.8288066012|[0.0, 4.97860082515, 14.93580247545, 24.89300412575, 34.850205776050004]|[615.7909999999999, 484.33, 470.49199999999996, 591.5745]
4|40000|101.749484266|112.998282806|[4, 4, 4, 4]|10|33490.0796895|6509.92031049|39.8288066012|[0.0, 2.2127114778444446, 6.6381344335333337, 11.063557389222222, 15.488980344911113, 19.9144033006, 24.339826256288887, 28.765249211977775, 33.190672167666662, 37.616095123355549]|[615.7909999999999, 484.33, 470.49199999999996, 591.5745]
4|60000|61.7685682102|115.383817079|[3, 3, 3, 3]|5|53823.3423581|6176.65764185|39.8288066012|[0.0, 4.97860082515, 14.93580247545, 24.89300412575, 34.850205776050004]|[615.7909999999999, 484.33, 470.49199999999996, 591.5745]
4|60000|63.7704371902|114.770524971|[6, 6, 6, 6]|10|52627.2680835|7372.73191648|39.8288066012|[0.0, 2.2127114778444446, 6.6381344335333337, 11.063557389222222, 15.488980344911113, 19.9144033006, 24.339826256288887, 28.765249211977775, 33.190672167666662, 37.616095123355549]|[615.7909999999999, 484.33, 470.49199999999996, 591.5745]
3|7500|178.265886275|56.9542006815|[0, 0, 0]|5|0.0|7500.0|39.8288066012|[0.0, 4.97860082515, 14.93580247545, 24.89300412575, 34.850205776050004]|[1207.3654999999999, 484.33, 470.49199999999996]
3|7500|168.78559576|57.106485627|[1, 1, 1]|10|4784.2970985|2715.7029015|39.8288066012|[0.0, 2.2127114778444446, 6.6381344335333337, 11.063557389222222, 15.488980344911113, 19.9144033006, 24.339826256288887, 28.765249211977775, 33.190672167666662, 37.616095123355549]|[1207.3654999999999, 484.33, 470.49199999999996]
3|27500|156.110553588|56.8250897423|[1, 1, 1]|5|10764.6684716|16735.3315284|39.8288066012|[0.0, 4.97860082515, 14.93580247545, 24.89300412575, 34.850205776050004]|[1207.3654999999999, 484.33, 470.49199999999996]
3|27500|126.23852417|56.9095766892|[3, 3, 3]|10|23921.4854925|3578.51450749|39.8288066012|[0.0, 2.2127114778444446, 6.6381344335333337, 11.063557389222222, 15.488980344911113, 19.9144033006, 24.339826256288887, 28.765249211977775, 33.190672167666662, 37.616095123355549]|[1207.3654999999999, 484.33, 470.49199999999996]
3|47500|107.073699699|56.1602750013|[2, 2, 2]|5|32294.0054149|15205.9945851|39.8288066012|[0.0, 4.97860082515, 14.93580247545, 24.89300412575, 34.850205776050004]|[1207.3654999999999, 484.33, 470.49199999999996]
3|7500|178.265886275|55.8400694614|[0, 0, 0]|5|0.0|7500.0|39.8288066012|[0.0, 4.97860082515, 14.93580247545, 24.89300412575, 34.850205776050004]|[1207.3654999999999, 484.33, 470.49199999999996]
3|7500|168.78559576|55.7174626382|[1, 1, 1]|10|4784.2970985|2715.7029015|39.8288066012|[0.0, 2.2127114778444446, 6.6381344335333337, 11.063557389222222, 15.488980344911113, 19.9144033006, 24.339826256288887, 28.765249211977775, 33.190672167666662, 37.616095123355549]|[1207.3654999999999, 484.33, 470.49199999999996]
3|27500|156.110553588|56.5088908926|[1, 1, 1]|5|10764.6684716|16735.3315284|39.8288066012|[0.0, 4.97860082515, 14.93580247545, 24.89300412575, 34.850205776050004]|[1207.3654999999999, 484.33, 470.49199999999996]
3|7500|159.319052233|55.8726639967|[0, 2, 0]|5|7233.85721293|266.142787065|39.8288066012|[0.0, 4.97860082515, 14.93580247545, 24.89300412575, 34.850205776050004]|[1207.3654999999999, 484.33, 470.49199999999996]
3|7500|163.029941631|55.8449195306|[0, 3, 1]|10|6399.47579896|1100.52420104|39.8288066012|[0.0, 2.2127114778444446, 6.6381344335333337, 11.063557389222222, 15.488980344911113, 19.9144033006, 24.339826256288887, 28.765249211977775, 33.190672167666662, 37.616095123355549]|[1207.3654999999999, 484.33, 470.49199999999996]
3|7500|159.319052233|56.0339553194|[0, 2, 0]|5|7233.85721293|266.142787065|39.8288066012|[0.0, 4.97860082515, 14.93580247545, 24.89300412575, 34.850205776050004]|[1207.3654999999999, 484.33, 470.49199999999996]
The hybrids should begin here.
3|20000|134.981267983|56.5985763535|[1, 3, 0]|5|18067.4195628|1932.58043722|39.8288066012|[0.0, 4.97860082515, 14.93580247545, 24.89300412575, 34.850205776050004]|[1207.3654999999999, 484.33, 470.49199999999996]
3|20000|131.081859837|55.9376667558|[2, 6, 0]|10|19803.1625501|196.837449881|39.8288066012|[0.0, 2.2127114778444446, 6.6381344335333337, 11.063557389222222, 15.488980344911113, 19.9144033006, 24.339826256288887, 28.765249211977775, 33.190672167666662, 37.616095123355549]|[1207.3654999999999, 484.33, 470.49199999999996]
But they didn't... Trying again...
4|20000|153.90836459|113.226760856|[1, 1, 1, 1]|5|10764.6684716|9235.33152837|39.8288066012|[0.0, 4.97860082515, 14.93580247545, 24.89300412575, 34.850205776050004]|[615.7909999999999, 484.33, 470.49199999999996, 591.5745]
4|20000|145.818717556|112.384937792|[2, 2, 2, 2]|10|14352.8912955|5647.10870449|39.8288066012|[0.0, 2.2127114778444446, 6.6381344335333337, 11.063557389222222, 15.488980344911113, 19.9144033006, 24.339826256288887, 28.765249211977775, 33.190672167666662, 37.616095123355549]|[615.7909999999999, 484.33, 470.49199999999996, 591.5745]
5|20000|151.79731705|234.056430729|[1, 1, 1, 1, 1]|5|10764.6684716|9235.33152837|39.8288066012|[0.0, 4.97860082515, 14.93580247545, 24.89300412575, 34.850205776050004]|[366.707, 304.436, 646.9264999999999, 422.05899999999997, 422.05899999999997]
5|20000|143.647258169|231.50714241|[2, 2, 2, 2, 2]|10|14352.8912955|5647.10870449|39.8288066012|[0.0, 2.2127114778444446, 6.6381344335333337, 11.063557389222222, 15.488980344911113, 19.9144033006, 24.339826256288887, 28.765249211977775, 33.190672167666662, 37.616095123355549]|[366.707, 304.436, 646.9264999999999, 422.05899999999997, 422.05899999999997]
6|20000|151.634837932|468.677684164|[1, 1, 1, 1, 1, 1]|5|10764.6684716|9235.33152837|39.8288066012|[0.0, 4.97860082515, 14.93580247545, 24.89300412575, 34.850205776050004]|[332.11199999999997, 480.8705, 477.41099999999994, 422.05899999999997, 276.76, 172.975]
6|20000|143.48001951|464.515005035|[2, 2, 2, 2, 2, 2]|10|14352.8912955|5647.10870449|39.8288066012|[0.0, 2.2127114778444446, 6.6381344335333337, 11.063557389222222, 15.488980344911113, 19.9144033006, 24.339826256288887, 28.765249211977775, 33.190672167666662, 37.616095123355549]|[332.11199999999997, 480.8705, 477.41099999999994, 422.05899999999997, 276.76, 172.975]
7|20000|151.47311601|925.103075133|[1, 1, 1, 1, 1, 1, 1]|5|10764.6684716|9235.33152837|39.8288066012|[0.0, 4.97860082515, 14.93580247545, 24.89300412575, 34.850205776050004]|[508.5465, 311.35499999999996, 477.41099999999994, 276.76, 276.76, 172.975, 138.38]
7|20000|143.317176729|924.286067891|[2, 2, 2, 2, 2, 2, 2]|10|14352.8912955|5647.10870449|39.8288066012|[0.0, 2.2127114778444446, 6.6381344335333337, 11.063557389222222, 15.488980344911113, 19.9144033006, 24.339826256288887, 28.765249211977775, 33.190672167666662, 37.616095123355549]|[508.5465, 311.35499999999996, 477.41099999999994, 276.76, 276.76, 172.975, 138.38]
