Landowners | Budget | Expected Damage | Run Time | Allocation | Levels | Total Budget Used | Remaining Budget | Maximum Amount Offered | Level Amounts | Area of Each Landowner
3|4000|178.108385159|91.3322057196|[0, 0, 0]|2|0.0|4000.0|39.8288066012|[0.0, 19.9144033006]|[1207.3654999999999, 484.33, 470.49199999999996]
3|10000|152.881059414|89.8707495432|[0, 1, 0]|2|9645.14295058|354.85704942|39.8288066012|[0.0, 19.9144033006]|[1207.3654999999999, 484.33, 470.49199999999996]
3|10000|158.35848396|95.8035207549|[0, 1, 1]|3|9507.35519414|492.644805857|39.8288066012|[0.0, 9.9572016503, 29.8716049509]|[1207.3654999999999, 484.33, 470.49199999999996]
3|10000|152.881059414|94.9752986833|[0, 2, 0]|4|9645.14295058|354.85704942|39.8288066012|[0.0, 6.6381344335333337, 19.9144033006, 33.190672167666669]|[1207.3654999999999, 484.33, 470.49199999999996]
3|10000|155.771068491|93.7853589389|[0, 2, 1]|5|9576.24907236|423.750927639|39.8288066012|[0.0, 4.97860082515, 14.93580247545, 24.89300412575, 34.850205776050004]|[1207.3654999999999, 484.33, 470.49199999999996]
3|10000|152.881059414|96.7155733477|[0, 3, 0]|6|9645.14295058|354.85704942|39.8288066012|[0.0, 3.9828806601200002, 11.948641980360001, 19.9144033006, 27.880164620840002, 35.845925941079997]|[1207.3654999999999, 484.33, 470.49199999999996]
3|10000|154.82536019|94.1124077169|[0, 3, 1]|7|9599.21369843|400.786301566|39.8288066012|[0.0, 3.3190672167666668, 9.9572016503, 16.595336083833335, 23.233470517366669, 29.8716049509, 36.509739384433331]|[1207.3654999999999, 484.33, 470.49199999999996]
3|10000|152.881059414|99.3916109037|[0, 4, 0]|8|9645.14295058|354.85704942|39.8288066012|[0.0, 2.8449147572285716, 8.5347442716857138, 14.224573786142857, 19.9144033006, 25.604232815057145, 31.29406232951429, 36.983891843971435]|[1207.3654999999999, 484.33, 470.49199999999996]
3|10000|154.343516629|102.292389007|[0, 4, 1]|9|9610.69601147|389.30398853|39.8288066012|[0.0, 2.489300412575, 7.467901237725, 12.446502062875, 17.425102888025002, 22.403703713174998, 27.382304538325002, 32.360905363474998, 37.339506188625002]|[1207.3654999999999, 484.33, 470.49199999999996]
3|11000|152.881059414|112.245012505|[0, 1, 0]|2|9645.14295058|1354.85704942|39.8288066012|[0.0, 19.9144033006]|[1207.3654999999999, 484.33, 470.49199999999996]
3|11000|158.35848396|118.775440779|[0, 1, 1]|3|9507.35519414|1492.64480586|39.8288066012|[0.0, 9.9572016503, 29.8716049509]|[1207.3654999999999, 484.33, 470.49199999999996]
3|11000|152.881059414|122.780266241|[0, 2, 0]|4|9645.14295058|1354.85704942|39.8288066012|[0.0, 6.6381344335333337, 19.9144033006, 33.190672167666669]|[1207.3654999999999, 484.33, 470.49199999999996]
3|11000|155.771068491|112.267628008|[0, 2, 1]|5|9576.24907236|1423.75092764|39.8288066012|[0.0, 4.97860082515, 14.93580247545, 24.89300412575, 34.850205776050004]|[1207.3654999999999, 484.33, 470.49199999999996]
3|11000|152.881059414|126.083623346|[0, 3, 0]|6|9645.14295058|1354.85704942|39.8288066012|[0.0, 3.9828806601200002, 11.948641980360001, 19.9144033006, 27.880164620840002, 35.845925941079997]|[1207.3654999999999, 484.33, 470.49199999999996]
3|11000|154.82536019|116.417437807|[0, 3, 1]|7|9599.21369843|1400.78630157|39.8288066012|[0.0, 3.3190672167666668, 9.9572016503, 16.595336083833335, 23.233470517366669, 29.8716049509, 36.509739384433331]|[1207.3654999999999, 484.33, 470.49199999999996]
3|11000|151.008230506|101.317839574|[0, 4, 1]|8|10983.6525845|16.3474154624|39.8288066012|[0.0, 2.8449147572285716, 8.5347442716857138, 14.224573786142857, 19.9144033006, 25.604232815057145, 31.29406232951429, 36.983891843971435]|[1207.3654999999999, 484.33, 470.49199999999996]
3|11000|149.956948602|99.5135729896|[0, 5, 0]|9|10850.7858194|149.214180598|39.8288066012|[0.0, 2.489300412575, 7.467901237725, 12.446502062875, 17.425102888025002, 22.403703713174998, 27.382304538325002, 32.360905363474998, 37.339506188625002]|[1207.3654999999999, 484.33, 470.49199999999996]
3|12000|152.881059414|102.015274294|[0, 1, 0]|2|9645.14295058|2354.85704942|39.8288066012|[0.0, 19.9144033006]|[1207.3654999999999, 484.33, 470.49199999999996]
3|12000|158.35848396|107.355539683|[0, 1, 1]|3|9507.35519414|2492.64480586|39.8288066012|[0.0, 9.9572016503, 29.8716049509]|[1207.3654999999999, 484.33, 470.49199999999996]
3|12000|152.881059414|115.661419379|[0, 2, 0]|4|9645.14295058|2354.85704942|39.8288066012|[0.0, 6.6381344335333337, 19.9144033006, 33.190672167666669]|[1207.3654999999999, 484.33, 470.49199999999996]
3|12000|155.771068491|101.257926146|[0, 2, 1]|5|9576.24907236|2423.75092764|39.8288066012|[0.0, 4.97860082515, 14.93580247545, 24.89300412575, 34.850205776050004]|[1207.3654999999999, 484.33, 470.49199999999996]
3|12000|150.212086368|104.193701582|[0, 3, 1]|6|11519.0564381|480.943561879|39.8288066012|[0.0, 3.9828806601200002, 11.948641980360001, 19.9144033006, 27.880164620840002, 35.845925941079997]|[1207.3654999999999, 484.33, 470.49199999999996]
3|12000|149.030900877|105.319869506|[0, 4, 0]|7|11252.6667757|747.333224324|39.8288066012|[0.0, 3.3190672167666668, 9.9572016503, 16.595336083833335, 23.233470517366669, 29.8716049509, 36.509739384433331]|[1207.3654999999999, 484.33, 470.49199999999996]
3|12000|151.008230506|93.8391479756|[0, 4, 1]|8|10983.6525845|1016.34741546|39.8288066012|[0.0, 2.8449147572285716, 8.5347442716857138, 14.224573786142857, 19.9144033006, 25.604232815057145, 31.29406232951429, 36.983891843971435]|[1207.3654999999999, 484.33, 470.49199999999996]
3|12000|149.956948602|101.302303365|[0, 5, 0]|9|10850.7858194|1149.2141806|39.8288066012|[0.0, 2.489300412575, 7.467901237725, 12.446502062875, 17.425102888025002, 22.403703713174998, 27.382304538325002, 32.360905363474998, 37.339506188625002]|[1207.3654999999999, 484.33, 470.49199999999996]
3|13000|152.881059414|96.9788320588|[0, 1, 0]|2|9645.14295058|3354.85704942|39.8288066012|[0.0, 19.9144033006]|[1207.3654999999999, 484.33, 470.49199999999996]
3|13000|150.921415666|96.7278992971|[1, 0, 0]|3|12021.9817491|978.018250885|39.8288066012|[0.0, 9.9572016503, 29.8716049509]|[1207.3654999999999, 484.33, 470.49199999999996]
3|13000|148.266744913|98.1496668667|[0, 2, 1]|4|12768.3320965|231.667903518|39.8288066012|[0.0, 6.6381344335333337, 19.9144033006, 33.190672167666669]|[1207.3654999999999, 484.33, 470.49199999999996]
3|13000|147.25827731|99.4777598818|[0, 3, 0]|5|12056.4286882|943.571311776|39.8288066012|[0.0, 4.97860082515, 14.93580247545, 24.89300412575, 34.850205776050004]|[1207.3654999999999, 484.33, 470.49199999999996]
3|13000|150.212086368|93.9143957586|[0, 3, 1]|6|11519.0564381|1480.94356188|39.8288066012|[0.0, 3.9828806601200002, 11.948641980360001, 19.9144033006, 27.880164620840002, 35.845925941079997]|[1207.3654999999999, 484.33, 470.49199999999996]
3|13000|146.86367831|89.8236714489|[0, 4, 1]|7|12814.2613486|185.738651373|39.8288066012|[0.0, 3.3190672167666668, 9.9572016503, 16.595336083833335, 23.233470517366669, 29.8716049509, 36.509739384433331]|[1207.3654999999999, 484.33, 470.49199999999996]
3|13000|146.532254447|93.6379588304|[0, 5, 0]|8|12400.8980793|599.101920683|39.8288066012|[0.0, 2.8449147572285716, 8.5347442716857138, 14.224573786142857, 19.9144033006, 25.604232815057145, 31.29406232951429, 36.983891843971435]|[1207.3654999999999, 484.33, 470.49199999999996]
3|13000|148.346968484|91.8002876878|[0, 5, 1]|9|12021.9817491|978.018250885|39.8288066012|[0.0, 2.489300412575, 7.467901237725, 12.446502062875, 17.425102888025002, 22.403703713174998, 27.382304538325002, 32.360905363474998, 37.339506188625002]|[1207.3654999999999, 484.33, 470.49199999999996]
3|14000|152.881059414|92.2057542132|[0, 1, 0]|2|9645.14295058|4354.85704942|39.8288066012|[0.0, 19.9144033006]|[1207.3654999999999, 484.33, 470.49199999999996]
3|14000|150.921415666|92.9317839954|[1, 0, 0]|3|12021.9817491|1978.01825088|39.8288066012|[0.0, 9.9572016503, 29.8716049509]|[1207.3654999999999, 484.33, 470.49199999999996]
3|14000|148.266744913|91.4407151293|[0, 2, 1]|4|12768.3320965|1231.66790352|39.8288066012|[0.0, 6.6381344335333337, 19.9144033006, 33.190672167666669]|[1207.3654999999999, 484.33, 470.49199999999996]
3|14000|146.751754313|90.025923838|[1, 2, 0]|5|13244.8480875|755.151912508|39.8288066012|[0.0, 4.97860082515, 14.93580247545, 24.89300412575, 34.850205776050004]|[1207.3654999999999, 484.33, 470.49199999999996]
3|14000|144.349461642|92.659014251|[0, 4, 0]|6|13503.2001308|496.799869189|39.8288066012|[0.0, 3.9828806601200002, 11.948641980360001, 19.9144033006, 27.880164620840002, 35.845925941079997]|[1207.3654999999999, 484.33, 470.49199999999996]
3|14000|146.728329574|90.3708698566|[1, 3, 1]|7|13606.5409481|393.459051861|39.8288066012|[0.0, 3.3190672167666668, 9.9572016503, 16.595336083833335, 23.233470517366669, 29.8716049509, 36.509739384433331]|[1207.3654999999999, 484.33, 470.49199999999996]
3|14000|144.7075415|88.6631938597|[0, 5, 1]|8|13739.4077133|260.592286725|39.8288066012|[0.0, 2.8449147572285716, 8.5347442716857138, 14.224573786142857, 19.9144033006, 25.604232815057145, 31.29406232951429, 36.983891843971435]|[1207.3654999999999, 484.33, 470.49199999999996]
3|14000|144.025484024|91.0009841753|[1, 5, 0]|9|13856.2812567|143.718743319|39.8288066012|[0.0, 2.489300412575, 7.467901237725, 12.446502062875, 17.425102888025002, 22.403703713174998, 27.382304538325002, 32.360905363474998, 37.339506188625002]|[1207.3654999999999, 484.33, 470.49199999999996]
3|15000|152.881059414|93.0955467305|[0, 1, 0]|2|9645.14295058|5354.85704942|39.8288066012|[0.0, 19.9144033006]|[1207.3654999999999, 484.33, 470.49199999999996]
3|15000|142.617646332|89.7988598924|[0, 2, 0]|3|14467.7144259|532.285574131|39.8288066012|[0.0, 9.9572016503, 29.8716049509]|[1207.3654999999999, 484.33, 470.49199999999996]
3|15000|148.024124573|90.3276938709|[1, 1, 1]|4|14352.8912955|647.108704495|39.8288066012|[0.0, 6.6381344335333337, 19.9144033006, 33.190672167666669]|[1207.3654999999999, 484.33, 470.49199999999996]
3|15000|143.950171609|91.451412951|[0, 3, 1]|5|14398.8205477|601.179452349|39.8288066012|[0.0, 4.97860082515, 14.93580247545, 24.89300412575, 34.850205776050004]|[1207.3654999999999, 484.33, 470.49199999999996]
3|15000|143.12278125|90.49229861|[1, 3, 0]|6|14453.9356502|546.064349774|39.8288066012|[0.0, 3.9828806601200002, 11.948641980360001, 19.9144033006, 27.880164620840002, 35.845925941079997]|[1207.3654999999999, 484.33, 470.49199999999996]
3|15000|142.617646332|89.8474307856|[0, 5, 0]|7|14467.7144259|532.285574131|39.8288066012|[0.0, 3.3190672167666668, 9.9572016503, 16.595336083833335, 23.233470517366669, 29.8716049509, 36.509739384433331]|[1207.3654999999999, 484.33, 470.49199999999996]
3|15000|144.161908718|91.963446765|[1, 4, 1]|8|14418.5045129|581.495487144|39.8288066012|[0.0, 2.8449147572285716, 8.5347442716857138, 14.224573786142857, 19.9144033006, 25.604232815057145, 31.29406232951429, 36.983891843971435]|[1207.3654999999999, 484.33, 470.49199999999996]
3|15000|143.232418727|90.3730932792|[0, 6, 1]|9|14433.2674868|566.73251324|39.8288066012|[0.0, 2.489300412575, 7.467901237725, 12.446502062875, 17.425102888025002, 22.403703713174998, 27.382304538325002, 32.360905363474998, 37.339506188625002]|[1207.3654999999999, 484.33, 470.49199999999996]
3|16000|152.881059414|89.7303131684|[0, 1, 0]|2|9645.14295058|6354.85704942|39.8288066012|[0.0, 19.9144033006]|[1207.3654999999999, 484.33, 470.49199999999996]
3|16000|142.617646332|92.0093643003|[0, 2, 0]|3|14467.7144259|1532.28557413|39.8288066012|[0.0, 9.9572016503, 29.8716049509]|[1207.3654999999999, 484.33, 470.49199999999996]
3|16000|148.024124573|89.3854906944|[1, 1, 1]|4|14352.8912955|1647.10870449|39.8288066012|[0.0, 6.6381344335333337, 19.9144033006, 33.190672167666669]|[1207.3654999999999, 484.33, 470.49199999999996]
3|16000|143.282262298|89.0491582051|[1, 2, 1]|5|15587.2399469|412.760053081|39.8288066012|[0.0, 4.97860082515, 14.93580247545, 24.89300412575, 34.850205776050004]|[1207.3654999999999, 484.33, 470.49199999999996]
3|16000|141.772633992|89.6657001044|[0, 4, 1]|6|15377.1136184|622.886381647|39.8288066012|[0.0, 3.9828806601200002, 11.948641980360001, 19.9144033006, 27.880164620840002, 35.845925941079997]|[1207.3654999999999, 484.33, 470.49199999999996]
3|16000|141.026935152|90.9306622104|[1, 4, 0]|7|15259.9940254|740.005974619|39.8288066012|[0.0, 3.3190672167666668, 9.9572016503, 16.595336083833335, 23.233470517366669, 29.8716049509, 36.509739384433331]|[1207.3654999999999, 484.33, 470.49199999999996]
3|16000|139.748273649|88.3271996925|[1, 5, 0]|8|15835.7500076|164.249992365|39.8288066012|[0.0, 2.8449147572285716, 8.5347442716857138, 14.224573786142857, 19.9144033006, 25.604232815057145, 31.29406232951429, 36.983891843971435]|[1207.3654999999999, 484.33, 470.49199999999996]
3|16000|140.684596411|88.9469936658|[0, 7, 0]|9|15673.3572947|326.642705308|39.8288066012|[0.0, 2.489300412575, 7.467901237725, 12.446502062875, 17.425102888025002, 22.403703713174998, 27.382304538325002, 32.360905363474998, 37.339506188625002]|[1207.3654999999999, 484.33, 470.49199999999996]
3|17000|152.881059414|88.217136662|[0, 1, 0]|2|9645.14295058|7354.85704942|39.8288066012|[0.0, 19.9144033006]|[1207.3654999999999, 484.33, 470.49199999999996]
3|17000|139.188279609|91.1991888632|[1, 1, 0]|3|16844.5532244|155.446775595|39.8288066012|[0.0, 9.9572016503, 29.8716049509]|[1207.3654999999999, 484.33, 470.49199999999996]
3|17000|140.095966401|88.1510965628|[0, 3, 0]|4|16075.238251|924.761749034|39.8288066012|[0.0, 6.6381344335333337, 19.9144033006, 33.190672167666669]|[1207.3654999999999, 484.33, 470.49199999999996]
3|17000|138.999080223|98.392478757|[0, 4, 0]|5|16879.0001635|120.999836486|39.8288066012|[0.0, 4.97860082515, 14.93580247545, 24.89300412575, 34.850205776050004]|[1207.3654999999999, 484.33, 470.49199999999996]
3|17000|140.456043163|89.0223494077|[1, 3, 1]|6|16327.8491378|672.150862233|39.8288066012|[0.0, 3.9828806601200002, 11.948641980360001, 19.9144033006, 27.880164620840002, 35.845925941079997]|[1207.3654999999999, 484.33, 470.49199999999996]
3|17000|138.861438893|90.1184021008|[1, 4, 1]|7|16821.5885983|178.411401668|39.8288066012|[0.0, 3.3190672167666668, 9.9572016503, 16.595336083833335, 23.233470517366669, 29.8716049509, 36.509739384433331]|[1207.3654999999999, 484.33, 470.49199999999996]
3|17000|139.695527516|88.7091433266|[0, 6, 1]|8|16495.162842|504.837157988|39.8288066012|[0.0, 2.8449147572285716, 8.5347442716857138, 14.224573786142857, 19.9144033006, 25.604232815057145, 31.29406232951429, 36.983891843971435]|[1207.3654999999999, 484.33, 470.49199999999996]
3|17000|138.921745988|91.3952693443|[1, 6, 0]|9|16267.5669943|732.433005674|39.8288066012|[0.0, 2.489300412575, 7.467901237725, 12.446502062875, 17.425102888025002, 22.403703713174998, 27.382304538325002, 32.360905363474998, 37.339506188625002]|[1207.3654999999999, 484.33, 470.49199999999996]
3|18000|152.881059414|88.6028862299|[0, 1, 0]|2|9645.14295058|8354.85704942|39.8288066012|[0.0, 19.9144033006]|[1207.3654999999999, 484.33, 470.49199999999996]
3|18000|139.188279609|88.898811653|[1, 1, 0]|3|16844.5532244|1155.44677559|39.8288066012|[0.0, 9.9572016503, 29.8716049509]|[1207.3654999999999, 484.33, 470.49199999999996]
3|18000|136.010239194|91.156789878|[1, 2, 0]|4|17659.79745|340.20255001|39.8288066012|[0.0, 6.6381344335333337, 19.9144033006, 33.190672167666669]|[1207.3654999999999, 484.33, 470.49199999999996]
3|18000|138.999080223|88.679946127|[0, 4, 0]|5|16879.0001635|1120.99983649|39.8288066012|[0.0, 4.97860082515, 14.93580247545, 24.89300412575, 34.850205776050004]|[1207.3654999999999, 484.33, 470.49199999999996]
3|18000|138.390626721|88.7138532267|[0, 5, 0]|6|17361.257311|638.742688957|39.8288066012|[0.0, 3.9828806601200002, 11.948641980360001, 19.9144033006, 27.880164620840002, 35.845925941079997]|[1207.3654999999999, 484.33, 470.49199999999996]
3|18000|138.00492343|88.2878604319|[0, 6, 0]|7|17682.7620761|317.237923937|39.8288066012|[0.0, 3.3190672167666668, 9.9572016503, 16.595336083833335, 23.233470517366669, 29.8716049509, 36.509739384433331]|[1207.3654999999999, 484.33, 470.49199999999996]
3|18000|137.738926804|91.5315531|[0, 7, 0]|8|17912.4083368|87.5916632093|39.8288066012|[0.0, 2.8449147572285716, 8.5347442716857138, 14.224573786142857, 19.9144033006, 25.604232815057145, 31.29406232951429, 36.983891843971435]|[1207.3654999999999, 484.33, 470.49199999999996]
3|18000|136.736046453|90.2190574954|[2, 4, 0]|9|17455.9863936|544.013606406|39.8288066012|[0.0, 2.489300412575, 7.467901237725, 12.446502062875, 17.425102888025002, 22.403703713174998, 27.382304538325002, 32.360905363474998, 37.339506188625002]|[1207.3654999999999, 484.33, 470.49199999999996]
3|19000|152.881059414|89.9214100506|[0, 1, 0]|2|9645.14295058|9354.85704942|39.8288066012|[0.0, 19.9144033006]|[1207.3654999999999, 484.33, 470.49199999999996]
3|19000|139.188279609|89.2718228226|[1, 1, 0]|3|16844.5532244|2155.44677559|39.8288066012|[0.0, 9.9572016503, 29.8716049509]|[1207.3654999999999, 484.33, 470.49199999999996]
3|19000|136.010239194|92.8059604756|[1, 2, 0]|4|17659.79745|1340.20255001|39.8288066012|[0.0, 6.6381344335333337, 19.9144033006, 33.190672167666669]|[1207.3654999999999, 484.33, 470.49199999999996]
3|19000|134.983150066|101.162376755|[1, 3, 0]|5|18067.4195628|932.580437218|39.8288066012|[0.0, 4.97860082515, 14.93580247545, 24.89300412575, 34.850205776050004]|[1207.3654999999999, 484.33, 470.49199999999996]
3|19000|134.71267826|94.6890876669|[1, 4, 0]|6|18311.9928305|688.007169542|39.8288066012|[0.0, 3.9828806601200002, 11.948641980360001, 19.9144033006, 27.880164620840002, 35.845925941079997]|[1207.3654999999999, 484.33, 470.49199999999996]
3|19000|134.689013526|90.3559335049|[1, 5, 0]|7|18475.0416756|524.958324426|39.8288066012|[0.0, 3.3190672167666668, 9.9572016503, 16.595336083833335, 23.233470517366669, 29.8716049509, 36.509739384433331]|[1207.3654999999999, 484.33, 470.49199999999996]
3|19000|134.74845065|92.421399977|[1, 6, 0]|8|18591.5051364|408.494863628|39.8288066012|[0.0, 2.8449147572285716, 8.5347442716857138, 14.224573786142857, 19.9144033006, 25.604232815057145, 31.29406232951429, 36.983891843971435]|[1207.3654999999999, 484.33, 470.49199999999996]
3|19000|134.833737046|91.4744481263|[1, 7, 0]|9|18678.852732|321.147268029|39.8288066012|[0.0, 2.489300412575, 7.467901237725, 12.446502062875, 17.425102888025002, 22.403703713174998, 27.382304538325002, 32.360905363474998, 37.339506188625002]|[1207.3654999999999, 484.33, 470.49199999999996]
3|19000|134.439352468|89.7351325481|[4, 0, 0]|10|18700.8604986|299.139501376|39.8288066012|[0.0, 2.2127114778444446, 6.6381344335333337, 11.063557389222222, 15.488980344911113, 19.9144033006, 24.339826256288887, 28.765249211977775, 33.190672167666662, 37.616095123355549]|[1207.3654999999999, 484.33, 470.49199999999996]
3|10000|152.881059414|89.4414830065|[0, 5, 0]|10|9645.14295058|354.85704942|39.8288066012|[0.0, 2.2127114778444446, 6.6381344335333337, 11.063557389222222, 15.488980344911113, 19.9144033006, 24.339826256288887, 28.765249211977775, 33.190672167666662, 37.616095123355549]|[1207.3654999999999, 484.33, 470.49199999999996]
3|11000|151.439450687|92.1443274593|[0, 5, 1]|10|10686.2059992|313.794000786|39.8288066012|[0.0, 2.2127114778444446, 6.6381344335333337, 11.063557389222222, 15.488980344911113, 19.9144033006, 24.339826256288887, 28.765249211977775, 33.190672167666662, 37.616095123355549]|[1207.3654999999999, 484.33, 470.49199999999996]
3|12000|147.837084512|92.8623146784|[0, 6, 0]|10|11788.5080507|211.491949292|39.8288066012|[0.0, 2.2127114778444446, 6.6381344335333337, 11.063557389222222, 15.488980344911113, 19.9144033006, 24.339826256288887, 28.765249211977775, 33.190672167666662, 37.616095123355549]|[1207.3654999999999, 484.33, 470.49199999999996]
3|13000|146.424900984|97.5258757506|[0, 6, 1]|10|12829.5710993|170.428900658|39.8288066012|[0.0, 2.2127114778444446, 6.6381344335333337, 11.063557389222222, 15.488980344911113, 19.9144033006, 24.339826256288887, 28.765249211977775, 33.190672167666662, 37.616095123355549]|[1207.3654999999999, 484.33, 470.49199999999996]
3|14000|143.559205224|94.1527269714|[0, 7, 0]|10|13931.8731508|68.1268491628|39.8288066012|[0.0, 2.2127114778444446, 6.6381344335333337, 11.063557389222222, 15.488980344911113, 19.9144033006, 24.339826256288887, 28.765249211977775, 33.190672167666662, 37.616095123355549]|[1207.3654999999999, 484.33, 470.49199999999996]
3|15000|142.171977697|101.892433711|[0, 7, 1]|10|14972.9361995|27.0638005288|39.8288066012|[0.0, 2.2127114778444446, 6.6381344335333337, 11.063557389222222, 15.488980344911113, 19.9144033006, 24.339826256288887, 28.765249211977775, 33.190672167666662, 37.616095123355549]|[1207.3654999999999, 484.33, 470.49199999999996]
3|16000|141.19366759|106.610872153|[1, 6, 1]|10|15501.1225991|498.877400854|39.8288066012|[0.0, 2.2127114778444446, 6.6381344335333337, 11.063557389222222, 15.488980344911113, 19.9144033006, 24.339826256288887, 28.765249211977775, 33.190672167666662, 37.616095123355549]|[1207.3654999999999, 484.33, 470.49199999999996]
3|17000|138.360109036|95.9707206908|[1, 7, 0]|10|16603.4246506|396.575349359|39.8288066012|[0.0, 2.2127114778444446, 6.6381344335333337, 11.063557389222222, 15.488980344911113, 19.9144033006, 24.339826256288887, 28.765249211977775, 33.190672167666662, 37.616095123355549]|[1207.3654999999999, 484.33, 470.49199999999996]
3|18000|136.010239194|91.901108062|[2, 5, 0]|10|17659.79745|340.20255001|39.8288066012|[0.0, 2.2127114778444446, 6.6381344335333337, 11.063557389222222, 15.488980344911113, 19.9144033006, 24.339826256288887, 28.765249211977775, 33.190672167666662, 37.616095123355549]|[1207.3654999999999, 484.33, 470.49199999999996]
3|20000|138.051011176|89.7511526711|[0, 1, 1]|2|19014.7103883|985.289611715|39.8288066012|[0.0, 19.9144033006]|[1207.3654999999999, 484.33, 470.49199999999996]
3|20000|135.743674075|90.560429844|[0, 2, 1]|3|19152.4981447|847.501855278|39.8288066012|[0.0, 9.9572016503, 29.8716049509]|[1207.3654999999999, 484.33, 470.49199999999996]
3|20000|135.72038364|97.7906405654|[0, 3, 1]|4|19198.4273969|801.572603132|39.8288066012|[0.0, 6.6381344335333337, 19.9144033006, 33.190672167666669]|[1207.3654999999999, 484.33, 470.49199999999996]
3|20000|134.983150066|106.248966312|[1, 3, 0]|5|18067.4195628|1932.58043722|39.8288066012|[0.0, 4.97860082515, 14.93580247545, 24.89300412575, 34.850205776050004]|[1207.3654999999999, 484.33, 470.49199999999996]
3|20000|134.71267826|100.761711743|[1, 4, 0]|6|18311.9928305|1688.00716954|39.8288066012|[0.0, 3.9828806601200002, 11.948641980360001, 19.9144033006, 27.880164620840002, 35.845925941079997]|[1207.3654999999999, 484.33, 470.49199999999996]
3|20000|133.972460203|99.452584534|[1, 4, 2]|7|19944.7777442|55.2222557658|39.8288066012|[0.0, 3.3190672167666668, 9.9572016503, 16.595336083833335, 23.233470517366669, 29.8716049509, 36.509739384433331]|[1207.3654999999999, 484.33, 470.49199999999996]
3|20000|130.712873099|95.1058165176|[2, 4, 0]|8|19949.6987355|50.3012644644|39.8288066012|[0.0, 2.8449147572285716, 8.5347442716857138, 14.224573786142857, 19.9144033006, 25.604232815057145, 31.29406232951429, 36.983891843971435]|[1207.3654999999999, 484.33, 470.49199999999996]
3|20000|130.868570865|91.0769298902|[2, 5, 0]|9|19867.2721312|132.727868761|39.8288066012|[0.0, 2.489300412575, 7.467901237725, 12.446502062875, 17.425102888025002, 22.403703713174998, 27.382304538325002, 32.360905363474998, 37.339506188625002]|[1207.3654999999999, 484.33, 470.49199999999996]
3|20000|131.090447586|90.7147704979|[2, 6, 0]|10|19803.1625501|196.837449881|39.8288066012|[0.0, 2.2127114778444446, 6.6381344335333337, 11.063557389222222, 15.488980344911113, 19.9144033006, 24.339826256288887, 28.765249211977775, 33.190672167666662, 37.616095123355549]|[1207.3654999999999, 484.33, 470.49199999999996]
3|21000|138.051011176|103.249243432|[0, 1, 1]|2|19014.7103883|1985.28961171|39.8288066012|[0.0, 19.9144033006]|[1207.3654999999999, 484.33, 470.49199999999996]
3|21000|135.743674075|99.9403572302|[0, 2, 1]|3|19152.4981447|1847.50185528|39.8288066012|[0.0, 9.9572016503, 29.8716049509]|[1207.3654999999999, 484.33, 470.49199999999996]
3|21000|131.402604987|95.8001899926|[1, 2, 1]|4|20782.9865959|217.013404108|39.8288066012|[0.0, 6.6381344335333337, 19.9144033006, 33.190672167666669]|[1207.3654999999999, 484.33, 470.49199999999996]
3|21000|130.651029902|93.549963906|[2, 1, 0]|5|20444.2583613|555.741638682|39.8288066012|[0.0, 4.97860082515, 14.93580247545, 24.89300412575, 34.850205776050004]|[1207.3654999999999, 484.33, 470.49199999999996]
3|21000|130.798522464|97.1102439759|[2, 2, 0]|6|20213.4638693|786.536130714|39.8288066012|[0.0, 3.9828806601200002, 11.948641980360001, 19.9144033006, 27.880164620840002, 35.845925941079997]|[1207.3654999999999, 484.33, 470.49199999999996]
3|21000|130.682460029|98.4057637926|[2, 3, 0]|7|20059.6008746|940.399125402|39.8288066012|[0.0, 3.3190672167666668, 9.9572016503, 16.595336083833335, 23.233470517366669, 29.8716049509, 36.509739384433331]|[1207.3654999999999, 484.33, 470.49199999999996]
3|21000|130.712873099|93.9565020381|[2, 4, 0]|8|19949.6987355|1050.30126446|39.8288066012|[0.0, 2.8449147572285716, 8.5347442716857138, 14.224573786142857, 19.9144033006, 25.604232815057145, 31.29406232951429, 36.983891843971435]|[1207.3654999999999, 484.33, 470.49199999999996]
3|21000|130.868570865|107.255854398|[2, 5, 0]|9|19867.2721312|1132.72786876|39.8288066012|[0.0, 2.489300412575, 7.467901237725, 12.446502062875, 17.425102888025002, 22.403703713174998, 27.382304538325002, 32.360905363474998, 37.339506188625002]|[1207.3654999999999, 484.33, 470.49199999999996]
3|21000|128.86710422|105.010318065|[3, 4, 0]|10|20859.5353495|140.464650532|39.8288066012|[0.0, 2.2127114778444446, 6.6381344335333337, 11.063557389222222, 15.488980344911113, 19.9144033006, 24.339826256288887, 28.765249211977775, 33.190672167666662, 37.616095123355549]|[1207.3654999999999, 484.33, 470.49199999999996]
3|22000|138.051011176|102.099379654|[0, 1, 1]|2|19014.7103883|2985.28961171|39.8288066012|[0.0, 19.9144033006]|[1207.3654999999999, 484.33, 470.49199999999996]
3|22000|131.647112227|102.092462677|[1, 1, 1]|3|21529.3369433|470.663056742|39.8288066012|[0.0, 9.9572016503, 29.8716049509]|[1207.3654999999999, 484.33, 470.49199999999996]
3|22000|131.402604987|104.938347445|[1, 2, 1]|4|20782.9865959|1217.01340411|39.8288066012|[0.0, 6.6381344335333337, 19.9144033006, 33.190672167666669]|[1207.3654999999999, 484.33, 470.49199999999996]
3|22000|130.651029902|116.093143503|[2, 1, 0]|5|20444.2583613|1555.74163868|39.8288066012|[0.0, 4.97860082515, 14.93580247545, 24.89300412575, 34.850205776050004]|[1207.3654999999999, 484.33, 470.49199999999996]
3|22000|130.798522464|118.074732697|[2, 2, 0]|6|20213.4638693|1786.53613071|39.8288066012|[0.0, 3.9828806601200002, 11.948641980360001, 19.9144033006, 27.880164620840002, 35.845925941079997]|[1207.3654999999999, 484.33, 470.49199999999996]
3|22000|127.714688381|97.7481435048|[3, 1, 0]|7|21644.1600736|355.839926378|39.8288066012|[0.0, 3.3190672167666668, 9.9572016503, 16.595336083833335, 23.233470517366669, 29.8716049509, 36.509739384433331]|[1207.3654999999999, 484.33, 470.49199999999996]
3|22000|128.441612977|92.4794332458|[3, 2, 0]|8|21307.8923347|692.107665301|39.8288066012|[0.0, 2.8449147572285716, 8.5347442716857138, 14.224573786142857, 19.9144033006, 25.604232815057145, 31.29406232951429, 36.983891843971435]|[1207.3654999999999, 484.33, 470.49199999999996]
3|22000|128.702813588|91.2396700561|[3, 3, 0]|9|21055.6915305|944.308469494|39.8288066012|[0.0, 2.489300412575, 7.467901237725, 12.446502062875, 17.425102888025002, 22.403703713174998, 27.382304538325002, 32.360905363474998, 37.339506188625002]|[1207.3654999999999, 484.33, 470.49199999999996]
3|22000|126.917890221|90.7559176912|[2, 7, 0]|10|21946.5276502|53.4723497526|39.8288066012|[0.0, 2.2127114778444446, 6.6381344335333337, 11.063557389222222, 15.488980344911113, 19.9144033006, 24.339826256288887, 28.765249211977775, 33.190672167666662, 37.616095123355549]|[1207.3654999999999, 484.33, 470.49199999999996]
3|23000|138.051011176|90.743595163|[0, 1, 1]|2|19014.7103883|3985.28961171|39.8288066012|[0.0, 19.9144033006]|[1207.3654999999999, 484.33, 470.49199999999996]
3|23000|131.647112227|87.9745813644|[1, 1, 1]|3|21529.3369433|1470.66305674|39.8288066012|[0.0, 9.9572016503, 29.8716049509]|[1207.3654999999999, 484.33, 470.49199999999996]
3|23000|131.402604987|89.9199316969|[1, 2, 1]|4|20782.9865959|2217.01340411|39.8288066012|[0.0, 6.6381344335333337, 19.9144033006, 33.190672167666669]|[1207.3654999999999, 484.33, 470.49199999999996]
3|23000|126.873128031|89.336043585|[1, 4, 0]|5|22889.9910381|110.008961928|39.8288066012|[0.0, 4.97860082515, 14.93580247545, 24.89300412575, 34.850205776050004]|[1207.3654999999999, 484.33, 470.49199999999996]
3|23000|128.022329142|90.0848120354|[2, 2, 1]|6|22087.3773568|912.622643173|39.8288066012|[0.0, 3.9828806601200002, 11.948641980360001, 19.9144033006, 27.880164620840002, 35.845925941079997]|[1207.3654999999999, 484.33, 470.49199999999996]
3|23000|127.714688381|88.9871053653|[3, 1, 0]|7|21644.1600736|1355.83992638|39.8288066012|[0.0, 3.3190672167666668, 9.9572016503, 16.595336083833335, 23.233470517366669, 29.8716049509, 36.509739384433331]|[1207.3654999999999, 484.33, 470.49199999999996]
3|23000|124.569456672|88.1119066961|[2, 5, 0]|8|22705.4538643|294.546135727|39.8288066012|[0.0, 2.8449147572285716, 8.5347442716857138, 14.224573786142857, 19.9144033006, 25.604232815057145, 31.29406232951429, 36.983891843971435]|[1207.3654999999999, 484.33, 470.49199999999996]
3|23000|125.864109112|90.1981104139|[2, 6, 0]|9|22278.5578689|721.442131117|39.8288066012|[0.0, 2.489300412575, 7.467901237725, 12.446502062875, 17.425102888025002, 22.403703713174998, 27.382304538325002, 32.360905363474998, 37.339506188625002]|[1207.3654999999999, 484.33, 470.49199999999996]
3|23000|125.531467375|88.9533670464|[4, 2, 1]|10|22956.9711975|43.028802549|39.8288066012|[0.0, 2.2127114778444446, 6.6381344335333337, 11.063557389222222, 15.488980344911113, 19.9144033006, 24.339826256288887, 28.765249211977775, 33.190672167666662, 37.616095123355549]|[1207.3654999999999, 484.33, 470.49199999999996]
3|24000|138.051011176|88.8932202146|[0, 1, 1]|2|19014.7103883|4985.28961171|39.8288066012|[0.0, 19.9144033006]|[1207.3654999999999, 484.33, 470.49199999999996]
3|24000|131.647112227|90.299576261|[1, 1, 1]|3|21529.3369433|2470.66305674|39.8288066012|[0.0, 9.9572016503, 29.8716049509]|[1207.3654999999999, 484.33, 470.49199999999996]
3|24000|131.402604987|89.5703476241|[1, 2, 1]|4|20782.9865959|3217.01340411|39.8288066012|[0.0, 6.6381344335333337, 19.9144033006, 33.190672167666669]|[1207.3654999999999, 484.33, 470.49199999999996]
3|24000|126.873128031|88.0637037758|[1, 4, 0]|5|22889.9910381|1110.00896193|39.8288066012|[0.0, 4.97860082515, 14.93580247545, 24.89300412575, 34.850205776050004]|[1207.3654999999999, 484.33, 470.49199999999996]
3|24000|126.283201274|88.0335482502|[1, 4, 2]|6|23933.7332931|66.2667069189|39.8288066012|[0.0, 3.9828806601200002, 11.948641980360001, 19.9144033006, 27.880164620840002, 35.845925941079997]|[1207.3654999999999, 484.33, 470.49199999999996]
3|24000|122.95661169|90.6928559671|[2, 4, 0]|7|23274.6485248|725.351475209|39.8288066012|[0.0, 3.3190672167666668, 9.9572016503, 16.595336083833335, 23.233470517366669, 29.8716049509, 36.509739384433331]|[1207.3654999999999, 484.33, 470.49199999999996]
3|24000|124.569456672|88.3721493985|[2, 5, 0]|8|22705.4538643|1294.54613573|39.8288066012|[0.0, 2.8449147572285716, 8.5347442716857138, 14.224573786142857, 19.9144033006, 25.604232815057145, 31.29406232951429, 36.983891843971435]|[1207.3654999999999, 484.33, 470.49199999999996]
3|24000|122.446039007|90.7909693841|[3, 4, 0]|9|23466.9772682|533.022731849|39.8288066012|[0.0, 2.489300412575, 7.467901237725, 12.446502062875, 17.425102888025002, 22.403703713174998, 27.382304538325002, 32.360905363474998, 37.339506188625002]|[1207.3654999999999, 484.33, 470.49199999999996]
3|24000|123.477609496|91.2198755507|[3, 5, 0]|10|23002.9004496|997.099550403|39.8288066012|[0.0, 2.2127114778444446, 6.6381344335333337, 11.063557389222222, 15.488980344911113, 19.9144033006, 24.339826256288887, 28.765249211977775, 33.190672167666662, 37.616095123355549]|[1207.3654999999999, 484.33, 470.49199999999996]
3|25000|121.890713083|88.6169003687|[1, 0, 0]|2|24043.9634982|956.036501769|39.8288066012|[0.0, 19.9144033006]|[1207.3654999999999, 484.33, 470.49199999999996]
3|25000|131.647112227|89.9034120737|[1, 1, 1]|3|21529.3369433|3470.66305674|39.8288066012|[0.0, 9.9572016503, 29.8716049509]|[1207.3654999999999, 484.33, 470.49199999999996]
3|25000|121.890713083|91.5360299761|[2, 0, 0]|4|24043.9634982|956.036501769|39.8288066012|[0.0, 6.6381344335333337, 19.9144033006, 33.190672167666669]|[1207.3654999999999, 484.33, 470.49199999999996]
3|25000|126.873128031|88.7077847161|[1, 4, 0]|5|22889.9910381|2110.00896193|39.8288066012|[0.0, 4.97860082515, 14.93580247545, 24.89300412575, 34.850205776050004]|[1207.3654999999999, 484.33, 470.49199999999996]
3|25000|120.923155091|89.16302831|[2, 3, 0]|6|24071.5210495|928.478950482|39.8288066012|[0.0, 3.9828806601200002, 11.948641980360001, 19.9144033006, 27.880164620840002, 35.845925941079997]|[1207.3654999999999, 484.33, 470.49199999999996]
3|25000|119.817792739|90.5592107439|[3, 2, 0]|7|24859.2077238|140.792276185|39.8288066012|[0.0, 3.3190672167666668, 9.9572016503, 16.595336083833335, 23.233470517366669, 29.8716049509, 36.509739384433331]|[1207.3654999999999, 484.33, 470.49199999999996]
3|25000|121.263719665|88.7956530548|[3, 3, 0]|8|24063.6474634|936.352536564|39.8288066012|[0.0, 2.8449147572285716, 8.5347442716857138, 14.224573786142857, 19.9144033006, 25.604232815057145, 31.29406232951429, 36.983891843971435]|[1207.3654999999999, 484.33, 470.49199999999996]
3|25000|120.525639121|88.7685785415|[4, 2, 0]|9|24655.3966674|344.603332581|39.8288066012|[0.0, 2.489300412575, 7.467901237725, 12.446502062875, 17.425102888025002, 22.403703713174998, 27.382304538325002, 32.360905363474998, 37.339506188625002]|[1207.3654999999999, 484.33, 470.49199999999996]
3|25000|121.599840723|90.9031360941|[4, 3, 0]|10|24059.2732489|940.726751054|39.8288066012|[0.0, 2.2127114778444446, 6.6381344335333337, 11.063557389222222, 15.488980344911113, 19.9144033006, 24.339826256288887, 28.765249211977775, 33.190672167666662, 37.616095123355549]|[1207.3654999999999, 484.33, 470.49199999999996]
4|10000|150.800193896|175.358535544|[0, 1, 0, 0]|2|9645.14295058|354.85704942|39.8288066012|[0.0, 19.9144033006]|[615.7909999999999, 484.33, 470.49199999999996, 591.5745]
4|10000|156.16941267|229.281820812|[0, 1, 1, 0]|3|9507.35519414|492.644805857|39.8288066012|[0.0, 9.9572016503, 29.8716049509]|[615.7909999999999, 484.33, 470.49199999999996, 591.5745]
4|10000|150.800193896|268.162673262|[0, 2, 0, 0]|4|9645.14295058|354.85704942|39.8288066012|[0.0, 6.6381344335333337, 19.9144033006, 33.190672167666669]|[615.7909999999999, 484.33, 470.49199999999996, 591.5745]
4|10000|151.085219826|264.894610376|[2, 0, 0, 0]|5|9197.33274216|802.66725784|39.8288066012|[0.0, 4.97860082515, 14.93580247545, 24.89300412575, 34.850205776050004]|[615.7909999999999, 484.33, 470.49199999999996, 591.5745]
4|10000|150.800193896|276.380229595|[0, 3, 0, 0]|6|9645.14295058|354.85704942|39.8288066012|[0.0, 3.9828806601200002, 11.948641980360001, 19.9144033006, 27.880164620840002, 35.845925941079997]|[615.7909999999999, 484.33, 470.49199999999996, 591.5745]
4|10000|152.663179401|265.64942643|[2, 1, 0, 1]|7|9702.55451576|297.445484238|39.8288066012|[0.0, 3.3190672167666668, 9.9572016503, 16.595336083833335, 23.233470517366669, 29.8716049509, 36.509739384433331]|[615.7909999999999, 484.33, 470.49199999999996, 591.5745]
4|10000|150.800193896|261.752633686|[0, 4, 0, 0]|8|9645.14295058|354.85704942|39.8288066012|[0.0, 2.8449147572285716, 8.5347442716857138, 14.224573786142857, 19.9144033006, 25.604232815057145, 31.29406232951429, 36.983891843971435]|[615.7909999999999, 484.33, 470.49199999999996, 591.5745]
4|10000|150.440418744|270.977402363|[1, 4, 0, 0]|9|9972.38887212|27.6111278829|39.8288066012|[0.0, 2.489300412575, 7.467901237725, 12.446502062875, 17.425102888025002, 22.403703713174998, 27.382304538325002, 32.360905363474998, 37.339506188625002]|[615.7909999999999, 484.33, 470.49199999999996, 591.5745]
4|10000|150.122990044|276.224054019|[4, 0, 0, 0]|10|9537.97469557|462.025304427|39.8288066012|[0.0, 2.2127114778444446, 6.6381344335333337, 11.063557389222222, 15.488980344911113, 19.9144033006, 24.339826256288887, 28.765249211977775, 33.190672167666662, 37.616095123355549]|[615.7909999999999, 484.33, 470.49199999999996, 591.5745]
4|11000|150.800193896|296.278663392|[0, 1, 0, 0]|2|9645.14295058|1354.85704942|39.8288066012|[0.0, 19.9144033006]|[615.7909999999999, 484.33, 470.49199999999996, 591.5745]
4|11000|148.172940347|240.221548154|[1, 1, 0, 0]|3|10954.1266367|45.8733632703|39.8288066012|[0.0, 9.9572016503, 29.8716049509]|[615.7909999999999, 484.33, 470.49199999999996, 591.5745]
4|11000|150.800193896|181.74328269|[0, 2, 0, 0]|4|9645.14295058|1354.85704942|39.8288066012|[0.0, 6.6381344335333337, 19.9144033006, 33.190672167666669]|[615.7909999999999, 484.33, 470.49199999999996, 591.5745]
4|11000|149.891228705|189.238382531|[1, 2, 0, 0]|5|10299.6347937|700.365206345|39.8288066012|[0.0, 4.97860082515, 14.93580247545, 24.89300412575, 34.850205776050004]|[615.7909999999999, 484.33, 470.49199999999996, 591.5745]
4|11000|150.800193896|202.60128091|[0, 3, 0, 0]|6|9645.14295058|1354.85704942|39.8288066012|[0.0, 3.9828806601200002, 11.948641980360001, 19.9144033006, 27.880164620840002, 35.845925941079997]|[615.7909999999999, 484.33, 470.49199999999996, 591.5745]
4|11000|148.172940347|206.334132635|[2, 2, 0, 0]|7|10954.1266367|45.8733632703|39.8288066012|[0.0, 3.3190672167666668, 9.9572016503, 16.595336083833335, 23.233470517366669, 29.8716049509, 36.509739384433331]|[615.7909999999999, 484.33, 470.49199999999996, 591.5745]
4|11000|148.912343691|182.554913293|[0, 4, 1, 0]|8|10983.6525845|16.3474154624|39.8288066012|[0.0, 2.8449147572285716, 8.5347442716857138, 14.224573786142857, 19.9144033006, 25.604232815057145, 31.29406232951429, 36.983891843971435]|[615.7909999999999, 484.33, 470.49199999999996, 591.5745]
4|11000|146.80810009|178.358338633|[4, 0, 0, 0]|9|10730.2215325|269.77846748|39.8288066012|[0.0, 2.489300412575, 7.467901237725, 12.446502062875, 17.425102888025002, 22.403703713174998, 27.382304538325002, 32.360905363474998, 37.339506188625002]|[615.7909999999999, 484.33, 470.49199999999996, 591.5745]
4|11000|147.809392176|180.967086959|[4, 0, 0, 1]|10|10846.9583817|153.041618277|39.8288066012|[0.0, 2.2127114778444446, 6.6381344335333337, 11.063557389222222, 15.488980344911113, 19.9144033006, 24.339826256288887, 28.765249211977775, 33.190672167666662, 37.616095123355549]|[615.7909999999999, 484.33, 470.49199999999996, 591.5745]
4|12000|150.800193896|179.980595896|[0, 1, 0, 0]|2|9645.14295058|2354.85704942|39.8288066012|[0.0, 19.9144033006]|[615.7909999999999, 484.33, 470.49199999999996, 591.5745]
4|12000|148.172940347|179.049848534|[1, 1, 0, 0]|3|10954.1266367|1045.87336327|39.8288066012|[0.0, 9.9572016503, 29.8716049509]|[615.7909999999999, 484.33, 470.49199999999996, 591.5745]
4|12000|150.306835978|182.646622158|[1, 1, 0, 1]|4|11229.7021496|770.297850397|39.8288066012|[0.0, 6.6381344335333337, 19.9144033006, 33.190672167666669]|[615.7909999999999, 484.33, 470.49199999999996, 591.5745]
4|12000|145.689273284|180.508751709|[2, 1, 0, 0]|5|11608.6184798|391.381520195|39.8288066012|[0.0, 4.97860082515, 14.93580247545, 24.89300412575, 34.850205776050004]|[615.7909999999999, 484.33, 470.49199999999996, 591.5745]
4|12000|147.693045072|181.524641825|[2, 1, 0, 1]|6|11643.0654189|356.934581086|39.8288066012|[0.0, 3.9828806601200002, 11.948641980360001, 19.9144033006, 27.880164620840002, 35.845925941079997]|[615.7909999999999, 484.33, 470.49199999999996, 591.5745]
4|12000|144.73334778|184.541085421|[3, 1, 0, 0]|7|11826.7824275|173.217572504|39.8288066012|[0.0, 3.3190672167666668, 9.9572016503, 16.595336083833335, 23.233470517366669, 29.8716049509, 36.509739384433331]|[615.7909999999999, 484.33, 470.49199999999996, 591.5745]
4|12000|146.315063546|180.389027111|[3, 1, 0, 1]|8|11820.2211058|179.778894239|39.8288066012|[0.0, 2.8449147572285716, 8.5347442716857138, 14.224573786142857, 19.9144033006, 25.604232815057145, 31.29406232951429, 36.983891843971435]|[615.7909999999999, 484.33, 470.49199999999996, 591.5745]
4|12000|144.238904267|182.32943528|[4, 1, 0, 0]|9|11935.8644013|64.1355986577|39.8288066012|[0.0, 2.489300412575, 7.467901237725, 12.446502062875, 17.425102888025002, 22.403703713174998, 27.382304538325002, 32.360905363474998, 37.339506188625002]|[615.7909999999999, 484.33, 470.49199999999996, 591.5745]
4|12000|145.516907516|181.605690122|[4, 1, 0, 1]|10|11918.6409318|81.3590682124|39.8288066012|[0.0, 2.2127114778444446, 6.6381344335333337, 11.063557389222222, 15.488980344911113, 19.9144033006, 24.339826256288887, 28.765249211977775, 33.190672167666662, 37.616095123355549]|[615.7909999999999, 484.33, 470.49199999999996, 591.5745]
4|13000|142.712355705|182.363423729|[1, 0, 0, 0]|2|12263.1103229|736.88967712|39.8288066012|[0.0, 19.9144033006]|[615.7909999999999, 484.33, 470.49199999999996, 591.5745]
4|13000|148.108482699|1503.29866127|[1, 0, 0, 1]|3|12021.9817491|978.018250885|39.8288066012|[0.0, 9.9572016503, 29.8716049509]|[615.7909999999999, 484.33, 470.49199999999996, 591.5745]
4|13000|142.712355705|206.876650793|[2, 0, 0, 0]|4|12263.1103229|736.88967712|39.8288066012|[0.0, 6.6381344335333337, 19.9144033006, 33.190672167666669]|[615.7909999999999, 484.33, 470.49199999999996, 591.5745]
4|13000|145.203190473|205.733413187|[0, 3, 0, 0]|5|12056.4286882|943.571311776|39.8288066012|[0.0, 4.97860082515, 14.93580247545, 24.89300412575, 34.850205776050004]|[615.7909999999999, 484.33, 470.49199999999996, 591.5745]
4|13000|142.712355705|211.648977868|[3, 0, 0, 0]|6|12263.1103229|736.88967712|39.8288066012|[0.0, 3.9828806601200002, 11.948641980360001, 19.9144033006, 27.880164620840002, 35.845925941079997]|[615.7909999999999, 484.33, 470.49199999999996, 591.5745]
4|13000|144.564751522|217.369145554|[2, 2, 0, 1]|7|12917.602166|82.3978340452|39.8288066012|[0.0, 3.3190672167666668, 9.9572016503, 16.595336083833335, 23.233470517366669, 29.8716049509, 36.509739384433331]|[615.7909999999999, 484.33, 470.49199999999996, 591.5745]
4|13000|142.634672819|227.192627695|[3, 2, 0, 0]|8|12892.9972094|107.002790552|39.8288066012|[0.0, 2.8449147572285716, 8.5347442716857138, 14.224573786142857, 19.9144033006, 25.604232815057145, 31.29406232951429, 36.983891843971435]|[615.7909999999999, 484.33, 470.49199999999996, 591.5745]
4|13000|144.211772586|227.535557846|[4, 0, 0, 1]|9|12202.8281794|797.171820561|39.8288066012|[0.0, 2.489300412575, 7.467901237725, 12.446502062875, 17.425102888025002, 22.403703713174998, 27.382304538325002, 32.360905363474998, 37.339506188625002]|[615.7909999999999, 484.33, 470.49199999999996, 591.5745]
4|13000|142.712355705|234.900705497|[5, 0, 0, 0]|10|12263.1103229|736.88967712|39.8288066012|[0.0, 2.2127114778444446, 6.6381344335333337, 11.063557389222222, 15.488980344911113, 19.9144033006, 24.339826256288887, 28.765249211977775, 33.190672167666662, 37.616095123355549]|[615.7909999999999, 484.33, 470.49199999999996, 591.5745]
4|14000|142.712355705|238.694285663|[1, 0, 0, 0]|2|12263.1103229|1736.88967712|39.8288066012|[0.0, 19.9144033006]|[615.7909999999999, 484.33, 470.49199999999996, 591.5745]
4|14000|148.108482699|252.622374345|[1, 0, 0, 1]|3|12021.9817491|1978.01825088|39.8288066012|[0.0, 9.9572016503, 29.8716049509]|[615.7909999999999, 484.33, 470.49199999999996, 591.5745]
4|14000|141.082908939|252.832918287|[1, 2, 0, 0]|4|13732.8463915|267.15360846|39.8288066012|[0.0, 6.6381344335333337, 19.9144033006, 33.190672167666669]|[615.7909999999999, 484.33, 470.49199999999996, 591.5745]
4|14000|142.021073138|250.775866532|[2, 1, 1, 0]|5|13951.0103392|48.9896607688|39.8288066012|[0.0, 4.97860082515, 14.93580247545, 24.89300412575, 34.850205776050004]|[615.7909999999999, 484.33, 470.49199999999996, 591.5745]
4|14000|142.22749799|1912.06313243|[2, 2, 0, 0]|6|13144.9519641|855.048035924|39.8288066012|[0.0, 3.9828806601200002, 11.948641980360001, 19.9144033006, 27.880164620840002, 35.845925941079997]|[615.7909999999999, 484.33, 470.49199999999996, 591.5745]
4|14000|141.214371531|254.612225441|[3, 1, 0, 1]|7|13790.2579567|209.742043278|39.8288066012|[0.0, 3.3190672167666668, 9.9572016503, 16.595336083833335, 23.233470517366669, 29.8716049509, 36.509739384433331]|[615.7909999999999, 484.33, 470.49199999999996, 591.5745]
4|14000|139.754052973|288.440288996|[4, 0, 0, 1]|8|13946.0893479|53.9106520701|39.8288066012|[0.0, 2.8449147572285716, 8.5347442716857138, 14.224573786142857, 19.9144033006, 25.604232815057145, 31.29406232951429, 36.983891843971435]|[615.7909999999999, 484.33, 470.49199999999996, 591.5745]
4|14000|138.864186012|208.86467419|[5, 0, 0, 0]|9|13795.9991132|204.00088676|39.8288066012|[0.0, 2.489300412575, 7.467901237725, 12.446502062875, 17.425102888025002, 22.403703713174998, 27.382304538325002, 32.360905363474998, 37.339506188625002]|[615.7909999999999, 484.33, 470.49199999999996, 591.5745]
4|14000|140.43520427|228.717754955|[5, 0, 0, 1]|10|13572.094009|427.90599097|39.8288066012|[0.0, 2.2127114778444446, 6.6381344335333337, 11.063557389222222, 15.488980344911113, 19.9144033006, 24.339826256288887, 28.765249211977775, 33.190672167666662, 37.616095123355549]|[615.7909999999999, 484.33, 470.49199999999996, 591.5745]
4|15000|142.712355705|213.277811124|[1, 0, 0, 0]|2|12263.1103229|2736.88967712|39.8288066012|[0.0, 19.9144033006]|[615.7909999999999, 484.33, 470.49199999999996, 591.5745]
4|15000|140.583835323|186.940584932|[0, 2, 0, 0]|3|14467.7144259|532.285574131|39.8288066012|[0.0, 9.9572016503, 29.8716049509]|[615.7909999999999, 484.33, 470.49199999999996, 591.5745]
4|15000|141.082908939|5928.20625942|[1, 2, 0, 0]|4|13732.8463915|1267.15360846|39.8288066012|[0.0, 6.6381344335333337, 19.9144033006, 33.190672167666669]|[615.7909999999999, 484.33, 470.49199999999996, 591.5745]
4|15000|140.244893503|218.304700131|[2, 1, 0, 1]|5|14553.8317736|446.168226358|39.8288066012|[0.0, 4.97860082515, 14.93580247545, 24.89300412575, 34.850205776050004]|[615.7909999999999, 484.33, 470.49199999999996, 591.5745]
4|15000|138.496471263|186.238175737|[3, 0, 0, 1]|6|14619.2809579|380.71904205|39.8288066012|[0.0, 3.9828806601200002, 11.948641980360001, 19.9144033006, 27.880164620840002, 35.845925941079997]|[615.7909999999999, 484.33, 470.49199999999996, 591.5745]
4|15000|137.645494581|182.451056382|[4, 0, 0, 0]|7|14306.9620434|693.03795664|39.8288066012|[0.0, 3.3190672167666668, 9.9572016503, 16.595336083833335, 23.233470517366669, 29.8716049509, 36.509739384433331]|[615.7909999999999, 484.33, 470.49199999999996, 591.5745]
4|15000|137.741276396|184.898265396|[4, 1, 1, 0]|8|14979.4975212|20.5024787937|39.8288066012|[0.0, 2.8449147572285716, 8.5347442716857138, 14.224573786142857, 19.9144033006, 25.604232815057145, 31.29406232951429, 36.983891843971435]|[615.7909999999999, 484.33, 470.49199999999996, 591.5745]
4|15000|137.060882878|185.193976041|[5, 0, 1, 0]|9|14967.195043|32.804957047|39.8288066012|[0.0, 2.489300412575, 7.467901237725, 12.446502062875, 17.425102888025002, 22.403703713174998, 27.382304538325002, 32.360905363474998, 37.339506188625002]|[615.7909999999999, 484.33, 470.49199999999996, 591.5745]
4|15000|136.074415969|187.529108057|[6, 0, 0, 0]|10|14988.2459502|11.7540498136|39.8288066012|[0.0, 2.2127114778444446, 6.6381344335333337, 11.063557389222222, 15.488980344911113, 19.9144033006, 24.339826256288887, 28.765249211977775, 33.190672167666662, 37.616095123355549]|[615.7909999999999, 484.33, 470.49199999999996, 591.5745]
4|16000|142.712355705|187.990667631|[1, 0, 0, 0]|2|12263.1103229|3736.88967712|39.8288066012|[0.0, 19.9144033006]|[615.7909999999999, 484.33, 470.49199999999996, 591.5745]
4|16000|140.583835323|181.88318041|[0, 2, 0, 0]|3|14467.7144259|1532.28557413|39.8288066012|[0.0, 9.9572016503, 29.8716049509]|[615.7909999999999, 484.33, 470.49199999999996, 591.5745]
4|16000|135.511571601|184.189127011|[2, 1, 0, 0]|4|15478.1579731|521.842026927|39.8288066012|[0.0, 6.6381344335333337, 19.9144033006, 33.190672167666669]|[615.7909999999999, 484.33, 470.49199999999996, 591.5745]
4|16000|135.3126978|187.824518395|[3, 0, 0, 0]|5|15328.8879036|671.1120964|39.8288066012|[0.0, 4.97860082515, 14.93580247545, 24.89300412575, 34.850205776050004]|[615.7909999999999, 484.33, 470.49199999999996, 591.5745]
4|16000|136.806956007|186.475867559|[1, 4, 0, 0]|6|15955.8221954|44.1778046126|39.8288066012|[0.0, 3.9828806601200002, 11.948641980360001, 19.9144033006, 27.880164620840002, 35.845925941079997]|[615.7909999999999, 484.33, 470.49199999999996, 591.5745]
4|16000|134.25455599|198.665735077|[4, 1, 0, 0]|7|15914.4858685|85.5141315437|39.8288066012|[0.0, 3.3190672167666668, 9.9572016503, 16.595336083833335, 23.233470517366669, 29.8716049509, 36.509739384433331]|[615.7909999999999, 484.33, 470.49199999999996, 591.5745]
4|16000|134.357241814|185.492549501|[5, 0, 0, 0]|8|15766.8561294|233.143870583|39.8288066012|[0.0, 2.8449147572285716, 8.5347442716857138, 14.224573786142857, 19.9144033006, 25.604232815057145, 31.29406232951429, 36.983891843971435]|[615.7909999999999, 484.33, 470.49199999999996, 591.5745]
4|16000|135.943578075|186.976454681|[4, 2, 0, 1]|9|15819.7567859|180.243214094|39.8288066012|[0.0, 2.489300412575, 7.467901237725, 12.446502062875, 17.425102888025002, 22.403703713174998, 27.382304538325002, 32.360905363474998, 37.339506188625002]|[615.7909999999999, 484.33, 470.49199999999996, 591.5745]
4|16000|135.511571601|188.933448236|[5, 2, 0, 0]|10|15478.1579731|521.842026927|39.8288066012|[0.0, 2.2127114778444446, 6.6381344335333337, 11.063557389222222, 15.488980344911113, 19.9144033006, 24.339826256288887, 28.765249211977775, 33.190672167666662, 37.616095123355549]|[615.7909999999999, 484.33, 470.49199999999996, 591.5745]
4|17000|142.712355705|187.466073323|[1, 0, 0, 0]|2|12263.1103229|4736.88967712|39.8288066012|[0.0, 19.9144033006]|[615.7909999999999, 484.33, 470.49199999999996, 591.5745]
4|17000|136.418647273|188.875979091|[1, 1, 0, 1]|3|16844.5532244|155.446775595|39.8288066012|[0.0, 9.9572016503, 29.8716049509]|[615.7909999999999, 484.33, 470.49199999999996, 591.5745]
4|17000|135.423628402|186.495621009|[2, 0, 0, 1]|4|16190.0613813|809.93861867|39.8288066012|[0.0, 6.6381344335333337, 19.9144033006, 33.190672167666669]|[615.7909999999999, 484.33, 470.49199999999996, 591.5745]
4|17000|133.407703353|189.522325649|[2, 2, 0, 0]|5|16431.1899551|568.810044905|39.8288066012|[0.0, 4.97860082515, 14.93580247545, 24.89300412575, 34.850205776050004]|[615.7909999999999, 484.33, 470.49199999999996, 591.5745]
4|17000|134.331592723|191.245305971|[3, 1, 0, 1]|6|16548.3095481|451.690451934|39.8288066012|[0.0, 3.9828806601200002, 11.948641980360001, 19.9144033006, 27.880164620840002, 35.845925941079997]|[615.7909999999999, 484.33, 470.49199999999996, 591.5745]
4|17000|134.206044861|186.742412176|[4, 0, 0, 1]|7|16270.4375726|729.562427415|39.8288066012|[0.0, 3.3190672167666668, 9.9572016503, 16.595336083833335, 23.233470517366669, 29.8716049509, 36.509739384433331]|[615.7909999999999, 484.33, 470.49199999999996, 591.5745]
4|17000|133.25055589|189.806704784|[4, 2, 0, 0]|8|16396.743016|603.256984015|39.8288066012|[0.0, 2.8449147572285716, 8.5347442716857138, 14.224573786142857, 19.9144033006, 25.604232815057145, 31.29406232951429, 36.983891843971435]|[615.7909999999999, 484.33, 470.49199999999996, 591.5745]
4|17000|132.088697376|187.525946076|[6, 0, 0, 0]|9|16861.776694|138.22330604|39.8288066012|[0.0, 2.489300412575, 7.467901237725, 12.446502062875, 17.425102888025002, 22.403703713174998, 27.382304538325002, 32.360905363474998, 37.339506188625002]|[615.7909999999999, 484.33, 470.49199999999996, 591.5745]
4|17000|133.234549534|190.283106816|[5, 2, 0, 1]|10|16787.1416592|212.858340777|39.8288066012|[0.0, 2.2127114778444446, 6.6381344335333337, 11.063557389222222, 15.488980344911113, 19.9144033006, 24.339826256288887, 28.765249211977775, 33.190672167666662, 37.616095123355549]|[615.7909999999999, 484.33, 470.49199999999996, 591.5745]
4|18000|142.712355705|187.539161166|[1, 0, 0, 0]|2|12263.1103229|5736.88967712|39.8288066012|[0.0, 19.9144033006]|[615.7909999999999, 484.33, 470.49199999999996, 591.5745]
4|18000|136.418647273|187.036952379|[1, 1, 0, 1]|3|16844.5532244|1155.44677559|39.8288066012|[0.0, 9.9572016503, 29.8716049509]|[615.7909999999999, 484.33, 470.49199999999996, 591.5745]
4|18000|133.422620083|187.429153636|[1, 2, 0, 1]|4|17659.79745|340.20255001|39.8288066012|[0.0, 6.6381344335333337, 19.9144033006, 33.190672167666669]|[615.7909999999999, 484.33, 470.49199999999996, 591.5745]
4|18000|130.130265687|189.973521162|[3, 1, 0, 0]|5|17740.1736412|259.826358755|39.8288066012|[0.0, 4.97860082515, 14.93580247545, 24.89300412575, 34.850205776050004]|[615.7909999999999, 484.33, 470.49199999999996, 591.5745]
4|18000|131.484656725|185.872262109|[4, 0, 0, 0]|6|17168.354452|831.645547968|39.8288066012|[0.0, 3.9828806601200002, 11.948641980360001, 19.9144033006, 27.880164620840002, 35.845925941079997]|[615.7909999999999, 484.33, 470.49199999999996, 591.5745]
4|18000|130.815402632|189.505157892|[4, 1, 0, 1]|7|17877.9613977|122.038602319|39.8288066012|[0.0, 3.3190672167666668, 9.9572016503, 16.595336083833335, 23.233470517366669, 29.8716049509, 36.509739384433331]|[615.7909999999999, 484.33, 470.49199999999996, 591.5745]
4|18000|131.25709419|199.601719209|[4, 2, 1, 0]|8|17735.2526499|264.747350057|39.8288066012|[0.0, 2.8449147572285716, 8.5347442716857138, 14.224573786142857, 19.9144033006, 25.604232815057145, 31.29406232951429, 36.983891843971435]|[615.7909999999999, 484.33, 470.49199999999996, 591.5745]
4|18000|130.704814029|222.264542815|[4, 3, 1, 0]|9|17929.6318063|70.3681936547|39.8288066012|[0.0, 2.489300412575, 7.467901237725, 12.446502062875, 17.425102888025002, 22.403703713174998, 27.382304538325002, 32.360905363474998, 37.339506188625002]|[615.7909999999999, 484.33, 470.49199999999996, 591.5745]
4|18000|130.162408992|235.555191553|[5, 3, 0, 0]|10|17621.5230732|378.476926798|39.8288066012|[0.0, 2.2127114778444446, 6.6381344335333337, 11.063557389222222, 15.488980344911113, 19.9144033006, 24.339826256288887, 28.765249211977775, 33.190672167666662, 37.616095123355549]|[615.7909999999999, 484.33, 470.49199999999996, 591.5745]
4|19000|142.712355705|212.870675416|[1, 0, 0, 0]|2|12263.1103229|6736.88967712|39.8288066012|[0.0, 19.9144033006]|[615.7909999999999, 484.33, 470.49199999999996, 591.5745]
4|19000|129.205564166|191.528019725|[2, 0, 0, 0]|3|18394.6654843|605.33451568|39.8288066012|[0.0, 9.9572016503, 29.8716049509]|[615.7909999999999, 484.33, 470.49199999999996, 591.5745]
4|19000|130.553177614|186.509712316|[2, 1, 1, 0]|4|18601.347119|398.652881025|39.8288066012|[0.0, 6.6381344335333337, 19.9144033006, 33.190672167666669]|[615.7909999999999, 484.33, 470.49199999999996, 591.5745]
4|19000|129.920411749|187.337727213|[2, 2, 1, 0]|5|18773.5818145|226.418185479|39.8288066012|[0.0, 4.97860082515, 14.93580247545, 24.89300412575, 34.850205776050004]|[615.7909999999999, 484.33, 470.49199999999996, 591.5745]
4|19000|129.072119697|199.351593478|[3, 2, 0, 0]|6|18050.1960932|949.803906772|39.8288066012|[0.0, 3.9828806601200002, 11.948641980360001, 19.9144033006, 27.880164620840002, 35.845925941079997]|[615.7909999999999, 484.33, 470.49199999999996, 591.5745]
4|19000|128.639694809|210.281687003|[3, 3, 0, 0]|7|18256.8777279|743.122272117|39.8288066012|[0.0, 3.3190672167666668, 9.9572016503, 16.595336083833335, 23.233470517366669, 29.8716049509, 36.509739384433331]|[615.7909999999999, 484.33, 470.49199999999996, 591.5745]
4|19000|128.592597599|217.364015602|[5, 1, 0, 1]|8|18827.7127188|172.287281165|39.8288066012|[0.0, 2.8449147572285716, 8.5347442716857138, 14.224573786142857, 19.9144033006, 25.604232815057145, 31.29406232951429, 36.983891843971435]|[615.7909999999999, 484.33, 470.49199999999996, 591.5745]
4|19000|128.210941719|195.556160523|[5, 2, 0, 1]|9|18885.5343666|114.465633374|39.8288066012|[0.0, 2.489300412575, 7.467901237725, 12.446502062875, 17.425102888025002, 22.403703713174998, 27.382304538325002, 32.360905363474998, 37.339506188625002]|[615.7909999999999, 484.33, 470.49199999999996, 591.5745]
4|19000|127.885483026|199.871694564|[5, 3, 0, 1]|10|18930.5067594|69.4932406481|39.8288066012|[0.0, 2.2127114778444446, 6.6381344335333337, 11.063557389222222, 15.488980344911113, 19.9144033006, 24.339826256288887, 28.765249211977775, 33.190672167666662, 37.616095123355549]|[615.7909999999999, 484.33, 470.49199999999996, 591.5745]
4|20000|135.851199097|214.47711783|[0, 1, 1, 0]|2|19014.7103883|985.289611715|39.8288066012|[0.0, 19.9144033006]|[615.7909999999999, 484.33, 470.49199999999996, 591.5745]
4|20000|129.205564166|217.447271356|[2, 0, 0, 0]|3|18394.6654843|1605.33451568|39.8288066012|[0.0, 9.9572016503, 29.8716049509]|[615.7909999999999, 484.33, 470.49199999999996, 591.5745]
4|20000|128.223258379|218.649249666|[2, 1, 0, 1]|4|19405.1090315|594.890968477|39.8288066012|[0.0, 6.6381344335333337, 19.9144033006, 33.190672167666669]|[615.7909999999999, 484.33, 470.49199999999996, 591.5745]
4|20000|127.962033584|215.892895958|[2, 2, 0, 1]|5|19376.4032489|623.596751068|39.8288066012|[0.0, 4.97860082515, 14.93580247545, 24.89300412575, 34.850205776050004]|[615.7909999999999, 484.33, 470.49199999999996, 591.5745]
4|20000|126.281324439|209.072338213|[3, 2, 1, 0]|6|19924.1095808|75.8904192313|39.8288066012|[0.0, 3.9828806601200002, 11.948641980360001, 19.9144033006, 27.880164620840002, 35.845925941079997]|[615.7909999999999, 484.33, 470.49199999999996, 591.5745]
4|20000|126.392118955|207.798480896|[3, 3, 1, 0]|7|19818.4723008|181.527699166|39.8288066012|[0.0, 3.3190672167666668, 9.9572016503, 16.595336083833335, 23.233470517366669, 29.8716049509, 36.509739384433331]|[615.7909999999999, 484.33, 470.49199999999996, 591.5745]
4|20000|125.098025614|215.349975234|[5, 2, 0, 0]|8|19900.4888225|99.5111774776|39.8288066012|[0.0, 2.8449147572285716, 8.5347442716857138, 14.224573786142857, 19.9144033006, 25.604232815057145, 31.29406232951429, 36.983891843971435]|[615.7909999999999, 484.33, 470.49199999999996, 591.5745]
4|20000|124.750883798|218.721494745|[5, 3, 0, 0]|9|19824.2134574|175.786542648|39.8288066012|[0.0, 2.489300412575, 7.467901237725, 12.446502062875, 17.425102888025002, 22.403703713174998, 27.382304538325002, 32.360905363474998, 37.339506188625002]|[615.7909999999999, 484.33, 470.49199999999996, 591.5745]
4|20000|124.735411268|244.163511845|[5, 4, 0, 0]|10|19764.8881733|235.111826669|39.8288066012|[0.0, 2.2127114778444446, 6.6381344335333337, 11.063557389222222, 15.488980344911113, 19.9144033006, 24.339826256288887, 28.765249211977775, 33.190672167666662, 37.616095123355549]|[615.7909999999999, 484.33, 470.49199999999996, 591.5745]
4|21000|135.851199097|208.694916311|[0, 1, 1, 0]|2|19014.7103883|1985.28961171|39.8288066012|[0.0, 19.9144033006]|[615.7909999999999, 484.33, 470.49199999999996, 591.5745]
4|21000|125.868037089|251.638168666|[1, 2, 0, 0]|3|20599.2695873|400.730412691|39.8288066012|[0.0, 9.9572016503, 29.8716049509]|[615.7909999999999, 484.33, 470.49199999999996, 591.5745]
4|21000|125.886998998|250.007492125|[3, 0, 0, 0]|4|20438.5172048|561.4827952|39.8288066012|[0.0, 6.6381344335333337, 19.9144033006, 33.190672167666669]|[615.7909999999999, 484.33, 470.49199999999996, 591.5745]
4|21000|124.86952315|230.724114651|[3, 1, 0, 1]|5|20685.3869351|314.613064918|39.8288066012|[0.0, 4.97860082515, 14.93580247545, 24.89300412575, 34.850205776050004]|[615.7909999999999, 484.33, 470.49199999999996, 591.5745]
4|21000|124.292996259|188.997930153|[2, 4, 0, 0]|6|20861.0663245|138.933675461|39.8288066012|[0.0, 3.9828806601200002, 11.948641980360001, 19.9144033006, 27.880164620840002, 35.845925941079997]|[615.7909999999999, 484.33, 470.49199999999996, 591.5745]
4|21000|124.273664501|212.56831313|[4, 2, 1, 0]|7|20691.1280916|308.871908399|39.8288066012|[0.0, 3.3190672167666668, 9.9572016503, 16.595336083833335, 23.233470517366669, 29.8716049509, 36.509739384433331]|[615.7909999999999, 484.33, 470.49199999999996, 591.5745]
4|21000|123.315721129|773.898787324|[4, 3, 0, 1]|8|20835.4771698|164.522830228|39.8288066012|[0.0, 2.8449147572285716, 8.5347442716857138, 14.224573786142857, 19.9144033006, 25.604232815057145, 31.29406232951429, 36.983891843971435]|[615.7909999999999, 484.33, 470.49199999999996, 591.5745]
4|21000|123.052392842|948.80838385|[5, 3, 1, 0]|9|20995.4093871|4.59061293477|39.8288066012|[0.0, 2.489300412575, 7.467901237725, 12.446502062875, 17.425102888025002, 22.403703713174998, 27.382304538325002, 32.360905363474998, 37.339506188625002]|[615.7909999999999, 484.33, 470.49199999999996, 591.5745]
4|21000|123.256083248|959.510076487|[5, 4, 1, 0]|10|20805.951222|194.048778035|39.8288066012|[0.0, 2.2127114778444446, 6.6381344335333337, 11.063557389222222, 15.488980344911113, 19.9144033006, 24.339826256288887, 28.765249211977775, 33.190672167666662, 37.616095123355549]|[615.7909999999999, 484.33, 470.49199999999996, 591.5745]
4|22000|119.569595149|1097.61776214|[1, 1, 0, 0]|2|21908.2532735|91.7467265406|39.8288066012|[0.0, 19.9144033006]|[615.7909999999999, 484.33, 470.49199999999996, 591.5745]
4|22000|125.868037089|1051.73610646|[1, 2, 0, 0]|3|20599.2695873|1400.73041269|39.8288066012|[0.0, 9.9572016503, 29.8716049509]|[615.7909999999999, 484.33, 470.49199999999996, 591.5745]
4|22000|119.569595149|206.129359936|[2, 2, 0, 0]|4|21908.2532735|91.7467265406|39.8288066012|[0.0, 6.6381344335333337, 19.9144033006, 33.190672167666669]|[615.7909999999999, 484.33, 470.49199999999996, 591.5745]
4|22000|122.177065117|203.901558144|[2, 3, 0, 0]|5|21253.7614304|746.238569616|39.8288066012|[0.0, 4.97860082515, 14.93580247545, 24.89300412575, 34.850205776050004]|[615.7909999999999, 484.33, 470.49199999999996, 591.5745]
4|22000|119.569595149|201.230448687|[3, 3, 0, 0]|6|21908.2532735|91.7467265406|39.8288066012|[0.0, 3.9828806601200002, 11.948641980360001, 19.9144033006, 27.880164620840002, 35.845925941079997]|[615.7909999999999, 484.33, 470.49199999999996, 591.5745]
4|22000|121.166281993|203.750958041|[3, 4, 0, 0]|7|21471.9253781|528.074621924|39.8288066012|[0.0, 3.3190672167666668, 9.9572016503, 16.595336083833335, 23.233470517366669, 29.8716049509, 36.509739384433331]|[615.7909999999999, 484.33, 470.49199999999996, 591.5745]
4|22000|119.569595149|203.571754512|[4, 4, 0, 0]|8|21908.2532735|91.7467265406|39.8288066012|[0.0, 2.8449147572285716, 8.5347442716857138, 14.224573786142857, 19.9144033006, 25.604232815057145, 31.29406232951429, 36.983891843971435]|[615.7909999999999, 484.33, 470.49199999999996, 591.5745]
4|22000|120.711797798|202.960921513|[4, 5, 0, 0]|9|21581.0073519|418.992648078|39.8288066012|[0.0, 2.489300412575, 7.467901237725, 12.446502062875, 17.425102888025002, 22.403703713174998, 27.382304538325002, 32.360905363474998, 37.339506188625002]|[615.7909999999999, 484.33, 470.49199999999996, 591.5745]
4|22000|119.569595149|206.206938721|[5, 5, 0, 0]|10|21908.2532735|91.7467265406|39.8288066012|[0.0, 2.2127114778444446, 6.6381344335333337, 11.063557389222222, 15.488980344911113, 19.9144033006, 24.339826256288887, 28.765249211977775, 33.190672167666662, 37.616095123355549]|[615.7909999999999, 484.33, 470.49199999999996, 591.5745]
4|23000|119.569595149|206.85647425|[1, 1, 0, 0]|2|21908.2532735|1091.74672654|39.8288066012|[0.0, 19.9144033006]|[615.7909999999999, 484.33, 470.49199999999996, 591.5745]
4|23000|125.868037089|204.883434342|[1, 2, 0, 0]|3|20599.2695873|2400.73041269|39.8288066012|[0.0, 9.9572016503, 29.8716049509]|[615.7909999999999, 484.33, 470.49199999999996, 591.5745]
4|23000|119.569595149|203.237347798|[2, 2, 0, 0]|4|21908.2532735|1091.74672654|39.8288066012|[0.0, 6.6381344335333337, 19.9144033006, 33.190672167666669]|[615.7909999999999, 484.33, 470.49199999999996, 591.5745]
4|23000|118.334670252|205.040841563|[3, 2, 0, 0]|5|22562.7451165|437.254883466|39.8288066012|[0.0, 4.97860082515, 14.93580247545, 24.89300412575, 34.850205776050004]|[615.7909999999999, 484.33, 470.49199999999996, 591.5745]
4|23000|118.23687659|202.567086807|[4, 2, 0, 0]|6|22955.4402224|44.5597776206|39.8288066012|[0.0, 3.9828806601200002, 11.948641980360001, 19.9144033006, 27.880164620840002, 35.845925941079997]|[615.7909999999999, 484.33, 470.49199999999996, 591.5745]
4|23000|118.590835878|202.937954763|[4, 3, 0, 0]|7|22344.5811688|655.418831157|39.8288066012|[0.0, 3.3190672167666668, 9.9572016503, 16.595336083833335, 23.233470517366669, 29.8716049509, 36.509739384433331]|[615.7909999999999, 484.33, 470.49199999999996, 591.5745]
4|23000|118.270490453|213.368253372|[5, 3, 0, 0]|8|22656.2439513|343.756048741|39.8288066012|[0.0, 2.8449147572285716, 8.5347442716857138, 14.224573786142857, 19.9144033006, 25.604232815057145, 31.29406232951429, 36.983891843971435]|[615.7909999999999, 484.33, 470.49199999999996, 591.5745]
4|23000|118.222881595|203.428373974|[6, 3, 0, 0]|9|22889.9910381|110.008961928|39.8288066012|[0.0, 2.489300412575, 7.467901237725, 12.446502062875, 17.425102888025002, 22.403703713174998, 27.382304538325002, 32.360905363474998, 37.339506188625002]|[615.7909999999999, 484.33, 470.49199999999996, 591.5745]
4|23000|118.123717094|202.520518097|[5, 5, 1, 0]|10|22949.3163221|50.6836779066|39.8288066012|[0.0, 2.2127114778444446, 6.6381344335333337, 11.063557389222222, 15.488980344911113, 19.9144033006, 24.339826256288887, 28.765249211977775, 33.190672167666662, 37.616095123355549]|[615.7909999999999, 484.33, 470.49199999999996, 591.5745]
4|24000|119.569595149|203.636031915|[1, 1, 0, 0]|2|21908.2532735|2091.74672654|39.8288066012|[0.0, 19.9144033006]|[615.7909999999999, 484.33, 470.49199999999996, 591.5745]
4|24000|118.401059339|201.977028308|[2, 1, 0, 0]|3|23217.2369596|782.763040391|39.8288066012|[0.0, 9.9572016503, 29.8716049509]|[615.7909999999999, 484.33, 470.49199999999996, 591.5745]
4|24000|118.996686764|199.887467218|[3, 1, 0, 0]|4|23653.564855|346.435145007|39.8288066012|[0.0, 6.6381344335333337, 19.9144033006, 33.190672167666669]|[615.7909999999999, 484.33, 470.49199999999996, 591.5745]
4|24000|118.334670252|202.791763491|[3, 2, 0, 0]|5|22562.7451165|1437.25488347|39.8288066012|[0.0, 4.97860082515, 14.93580247545, 24.89300412575, 34.850205776050004]|[615.7909999999999, 484.33, 470.49199999999996, 591.5745]
4|24000|116.892717932|202.849202605|[3, 3, 1, 0]|6|23782.166761|217.833238999|39.8288066012|[0.0, 3.9828806601200002, 11.948641980360001, 19.9144033006, 27.880164620840002, 35.845925941079997]|[615.7909999999999, 484.33, 470.49199999999996, 591.5745]
4|24000|116.34630628|201.573229444|[4, 3, 1, 0]|7|23906.1757418|93.8242582063|39.8288066012|[0.0, 3.3190672167666668, 9.9572016503, 16.595336083833335, 23.233470517366669, 29.8716049509, 36.509739384433331]|[615.7909999999999, 484.33, 470.49199999999996, 591.5745]
4|24000|116.337516406|225.616590557|[5, 3, 1, 0]|8|23994.7535852|5.2464147826|39.8288066012|[0.0, 2.8449147572285716, 8.5347442716857138, 14.224573786142857, 19.9144033006, 25.604232815057145, 31.29406232951429, 36.983891843971435]|[615.7909999999999, 484.33, 470.49199999999996, 591.5745]
4|24000|115.939158139|224.095806364|[4, 6, 0, 0]|9|23992.2930896|7.70691043325|39.8288066012|[0.0, 2.489300412575, 7.467901237725, 12.446502062875, 17.425102888025002, 22.403703713174998, 27.382304538325002, 32.360905363474998, 37.339506188625002]|[615.7909999999999, 484.33, 470.49199999999996, 591.5745]
4|24000|116.159989393|214.065188972|[6, 4, 0, 1]|10|23799.0074868|200.992513213|39.8288066012|[0.0, 2.2127114778444446, 6.6381344335333337, 11.063557389222222, 15.488980344911113, 19.9144033006, 24.339826256288887, 28.765249211977775, 33.190672167666662, 37.616095123355549]|[615.7909999999999, 484.33, 470.49199999999996, 591.5745]
4|25000|119.286952541|219.222215675|[1, 0, 0, 1]|2|24043.9634982|956.036501769|39.8288066012|[0.0, 19.9144033006]|[615.7909999999999, 484.33, 470.49199999999996, 591.5745]
4|25000|118.207468367|218.073076819|[2, 0, 0, 1]|3|24285.092072|714.907928005|39.8288066012|[0.0, 9.9572016503, 29.8716049509]|[615.7909999999999, 484.33, 470.49199999999996, 591.5745]
4|25000|118.863136167|218.14502197|[3, 0, 0, 1]|4|24365.4682632|634.53173675|39.8288066012|[0.0, 6.6381344335333337, 19.9144033006, 33.190672167666669]|[615.7909999999999, 484.33, 470.49199999999996, 591.5745]
4|25000|114.853768854|229.189957231|[3, 2, 1, 0]|5|24905.136976|94.8630240391|39.8288066012|[0.0, 4.97860082515, 14.93580247545, 24.89300412575, 34.850205776050004]|[615.7909999999999, 484.33, 470.49199999999996, 591.5745]
4|25000|115.354480471|243.462755866|[3, 3, 0, 1]|6|24264.4239085|735.57609147|39.8288066012|[0.0, 3.9828806601200002, 11.948641980360001, 19.9144033006, 27.880164620840002, 35.845925941079997]|[615.7909999999999, 484.33, 470.49199999999996, 591.5745]
4|25000|115.153051504|228.373988883|[4, 3, 0, 1]|7|24308.0566981|691.943301932|39.8288066012|[0.0, 3.3190672167666668, 9.9572016503, 16.595336083833335, 23.233470517366669, 29.8716049509, 36.509739384433331]|[615.7909999999999, 484.33, 470.49199999999996, 591.5745]
4|25000|113.745399803|203.198744483|[4, 5, 0, 0]|8|24664.0084022|335.991597804|39.8288066012|[0.0, 2.8449147572285716, 8.5347442716857138, 14.224573786142857, 19.9144033006, 25.604232815057145, 31.29406232951429, 36.983891843971435]|[615.7909999999999, 484.33, 470.49199999999996, 591.5745]
4|25000|113.293607029|242.407006461|[5, 5, 0, 0]|9|24646.7849326|353.215067358|39.8288066012|[0.0, 2.489300412575, 7.467901237725, 12.446502062875, 17.425102888025002, 22.403703713174998, 27.382304538325002, 32.360905363474998, 37.339506188625002]|[615.7909999999999, 484.33, 470.49199999999996, 591.5745]
4|25000|113.325320276|256.171614469|[6, 5, 0, 0]|10|24633.3889008|366.611099234|39.8288066012|[0.0, 2.2127114778444446, 6.6381344335333337, 11.063557389222222, 15.488980344911113, 19.9144033006, 24.339826256288887, 28.765249211977775, 33.190672167666662, 37.616095123355549]|[615.7909999999999, 484.33, 470.49199999999996, 591.5745]
5|10000|149.453604221|456.547060798|[0, 0, 0, 0, 1]|2|8405.05314265|1594.94685735|39.8288066012|[0.0, 19.9144033006]|[366.707, 304.436, 646.9264999999999, 422.05899999999997, 422.05899999999997]
5|10000|152.470529814|446.64734974|[0, 0, 0, 1, 1]|3|8405.05314265|1594.94685735|39.8288066012|[0.0, 9.9572016503, 29.8716049509]|[366.707, 304.436, 646.9264999999999, 422.05899999999997, 422.05899999999997]
5|10000|149.453604221|490.631118641|[0, 0, 0, 0, 2]|4|8405.05314265|1594.94685735|39.8288066012|[0.0, 6.6381344335333337, 19.9144033006, 33.190672167666669]|[366.707, 304.436, 646.9264999999999, 422.05899999999997, 422.05899999999997]
5|10000|148.498514337|438.2545281|[0, 1, 0, 1, 2]|5|9920.71846345|79.2815365467|39.8288066012|[0.0, 4.97860082515, 14.93580247545, 24.89300412575, 34.850205776050004]|[366.707, 304.436, 646.9264999999999, 422.05899999999997, 422.05899999999997]
5|10000|146.353393284|423.860829862|[1, 0, 0, 0, 3]|6|9865.60336088|134.396639121|39.8288066012|[0.0, 3.9828806601200002, 11.948641980360001, 19.9144033006, 27.880164620840002, 35.845925941079997]|[366.707, 304.436, 646.9264999999999, 422.05899999999997, 422.05899999999997]
5|10000|145.662939861|403.754984454|[0, 0, 0, 0, 4]|7|9805.89533309|194.104666911|39.8288066012|[0.0, 3.3190672167666668, 9.9572016503, 16.595336083833335, 23.233470517366669, 29.8716049509, 36.509739384433331]|[366.707, 304.436, 646.9264999999999, 422.05899999999997, 422.05899999999997]
5|10000|146.964643955|437.721218766|[0, 0, 0, 1, 4]|8|9605.77502017|394.224979831|39.8288066012|[0.0, 2.8449147572285716, 8.5347442716857138, 14.224573786142857, 19.9144033006, 25.604232815057145, 31.29406232951429, 36.983891843971435]|[366.707, 304.436, 646.9264999999999, 422.05899999999997, 422.05899999999997]
5|10000|146.574677929|438.56044733|[0, 0, 0, 0, 5]|9|9455.68478548|544.315214521|39.8288066012|[0.0, 2.489300412575, 7.467901237725, 12.446502062875, 17.425102888025002, 22.403703713174998, 27.382304538325002, 32.360905363474998, 37.339506188625002]|[366.707, 304.436, 646.9264999999999, 422.05899999999997, 422.05899999999997]
5|10000|146.673301115|398.433019251|[1, 1, 0, 0, 5]|10|9890.09896202|109.901037977|39.8288066012|[0.0, 2.2127114778444446, 6.6381344335333337, 11.063557389222222, 15.488980344911113, 19.9144033006, 24.339826256288887, 28.765249211977775, 33.190672167666662, 37.616095123355549]|[366.707, 304.436, 646.9264999999999, 422.05899999999997, 422.05899999999997]
5|11000|149.453604221|403.303199349|[0, 0, 0, 0, 1]|2|8405.05314265|2594.94685735|39.8288066012|[0.0, 19.9144033006]|[366.707, 304.436, 646.9264999999999, 422.05899999999997, 422.05899999999997]
5|11000|148.307501692|402.905122311|[1, 1, 0, 0, 1]|3|10885.2327585|114.767241489|39.8288066012|[0.0, 9.9572016503, 29.8716049509]|[366.707, 304.436, 646.9264999999999, 422.05899999999997, 422.05899999999997]
5|11000|144.093734326|399.461809324|[1, 0, 0, 0, 2]|4|10839.3035064|160.696493634|39.8288066012|[0.0, 6.6381344335333337, 19.9144033006, 33.190672167666669]|[366.707, 304.436, 646.9264999999999, 422.05899999999997, 422.05899999999997]
5|11000|143.917707576|408.90243132|[0, 0, 0, 0, 3]|5|10506.3164283|493.68357169|39.8288066012|[0.0, 4.97860082515, 14.93580247545, 24.89300412575, 34.850205776050004]|[366.707, 304.436, 646.9264999999999, 422.05899999999997, 422.05899999999997]
5|11000|144.86368021|399.407375955|[0, 0, 1, 0, 3]|6|10981.684188|18.3158119829|39.8288066012|[0.0, 3.9828806601200002, 11.948641980360001, 19.9144033006, 27.880164620840002, 35.845925941079997]|[366.707, 304.436, 646.9264999999999, 422.05899999999997, 422.05899999999997]
5|11000|143.978412106|398.772048434|[0, 1, 0, 0, 4]|7|10816.3388803|183.661119707|39.8288066012|[0.0, 3.3190672167666668, 9.9572016503, 16.595336083833335, 23.233470517366669, 29.8716049509, 36.509739384433331]|[366.707, 304.436, 646.9264999999999, 422.05899999999997, 422.05899999999997]
5|11000|143.202903506|402.945990104|[0, 0, 0, 0, 5]|8|10806.4968977|193.50310231|39.8288066012|[0.0, 2.8449147572285716, 8.5347442716857138, 14.224573786142857, 19.9144033006, 25.604232815057145, 31.29406232951429, 36.983891843971435]|[366.707, 304.436, 646.9264999999999, 422.05899999999997, 422.05899999999997]
5|11000|144.423586383|401.473001324|[0, 0, 0, 1, 5]|9|10506.3164283|493.68357169|39.8288066012|[0.0, 2.489300412575, 7.467901237725, 12.446502062875, 17.425102888025002, 22.403703713174998, 27.382304538325002, 32.360905363474998, 37.339506188625002]|[366.707, 304.436, 646.9264999999999, 422.05899999999997, 422.05899999999997]
5|11000|143.387737011|402.626486289|[0, 1, 0, 0, 6]|10|10946.4717614|53.5282386279|39.8288066012|[0.0, 2.2127114778444446, 6.6381344335333337, 11.063557389222222, 15.488980344911113, 19.9144033006, 24.339826256288887, 28.765249211977775, 33.190672167666662, 37.616095123355549]|[366.707, 304.436, 646.9264999999999, 422.05899999999997, 422.05899999999997]
5|12000|149.453604221|401.136094447|[0, 0, 0, 0, 1]|2|8405.05314265|3594.94685735|39.8288066012|[0.0, 19.9144033006]|[366.707, 304.436, 646.9264999999999, 422.05899999999997, 422.05899999999997]
5|12000|146.749244367|401.448355888|[0, 1, 0, 1, 1]|3|11436.3837843|563.616215741|39.8288066012|[0.0, 9.9572016503, 29.8716049509]|[366.707, 304.436, 646.9264999999999, 422.05899999999997, 422.05899999999997]
5|12000|143.32125257|403.676511587|[0, 0, 0, 1, 2]|4|11206.7375235|793.262476469|39.8288066012|[0.0, 6.6381344335333337, 19.9144033006, 33.190672167666669]|[366.707, 304.436, 646.9264999999999, 422.05899999999997, 422.05899999999997]
5|12000|142.755716959|399.993605332|[2, 0, 0, 0, 2]|5|11780.8531754|219.146824649|39.8288066012|[0.0, 4.97860082515, 14.93580247545, 24.89300412575, 34.850205776050004]|[366.707, 304.436, 646.9264999999999, 422.05899999999997, 422.05899999999997]
5|12000|141.053840082|402.245867813|[0, 0, 0, 0, 4]|6|11767.0743997|232.925600293|39.8288066012|[0.0, 3.9828806601200002, 11.948641980360001, 19.9144033006, 27.880164620840002, 35.845925941079997]|[366.707, 304.436, 646.9264999999999, 422.05899999999997, 422.05899999999997]
5|12000|141.889320175|402.078583107|[0, 0, 1, 0, 4]|7|11953.0878709|46.9121291031|39.8288066012|[0.0, 3.3190672167666668, 9.9572016503, 16.595336083833335, 23.233470517366669, 29.8716049509, 36.509739384433331]|[366.707, 304.436, 646.9264999999999, 422.05899999999997, 422.05899999999997]
5|12000|141.040969013|399.691626984|[1, 0, 0, 0, 5]|8|11849.7470536|150.252946431|39.8288066012|[0.0, 2.8449147572285716, 8.5347442716857138, 14.224573786142857, 19.9144033006, 25.604232815057145, 31.29406232951429, 36.983891843971435]|[366.707, 304.436, 646.9264999999999, 422.05899999999997, 422.05899999999997]
5|12000|141.505740245|446.098157133|[0, 0, 0, 0, 6]|9|11556.9480711|443.051928859|39.8288066012|[0.0, 2.489300412575, 7.467901237725, 12.446502062875, 17.425102888025002, 22.403703713174998, 27.382304538325002, 32.360905363474998, 37.339506188625002]|[366.707, 304.436, 646.9264999999999, 422.05899999999997, 422.05899999999997]
5|12000|141.493379159|403.284823516|[0, 1, 0, 1, 6]|10|11880.366555|119.633445|39.8288066012|[0.0, 2.2127114778444446, 6.6381344335333337, 11.063557389222222, 15.488980344911113, 19.9144033006, 24.339826256288887, 28.765249211977775, 33.190672167666662, 37.616095123355549]|[366.707, 304.436, 646.9264999999999, 422.05899999999997, 422.05899999999997]
5|13000|148.239407693|453.45684017|[0, 0, 1, 0, 0]|2|12883.1552268|116.844773154|39.8288066012|[0.0, 19.9144033006]|[366.707, 304.436, 646.9264999999999, 422.05899999999997, 422.05899999999997]
5|13000|139.348785469|451.618671048|[0, 0, 0, 0, 2]|3|12607.579714|392.420286028|39.8288066012|[0.0, 9.9572016503, 29.8716049509]|[366.707, 304.436, 646.9264999999999, 422.05899999999997, 422.05899999999997]
5|13000|140.608849694|1220.9911907|[1, 1, 0, 0, 2]|4|12860.1906008|139.809399227|39.8288066012|[0.0, 6.6381344335333337, 19.9144033006, 33.190672167666669]|[366.707, 304.436, 646.9264999999999, 422.05899999999997, 422.05899999999997]
5|13000|139.475528687|1364.9336919|[0, 0, 0, 1, 3]|5|12607.579714|392.420286028|39.8288066012|[0.0, 4.97860082515, 14.93580247545, 24.89300412575, 34.850205776050004]|[366.707, 304.436, 646.9264999999999, 422.05899999999997, 422.05899999999997]
5|13000|139.03511721|1636.19936031|[0, 1, 0, 0, 4]|6|12979.6066564|20.3933436486|39.8288066012|[0.0, 3.9828806601200002, 11.948641980360001, 19.9144033006, 27.880164620840002, 35.845925941079997]|[366.707, 304.436, 646.9264999999999, 422.05899999999997, 422.05899999999997]
5|13000|139.348785468|1648.07427311|[0, 0, 0, 0, 5]|7|12607.579714|392.420286028|39.8288066012|[0.0, 3.3190672167666668, 9.9572016503, 16.595336083833335, 23.233470517366669, 29.8716049509, 36.509739384433331]|[366.707, 304.436, 646.9264999999999, 422.05899999999997, 422.05899999999997]
5|13000|139.32491201|1822.68483279|[0, 1, 0, 1, 5]|8|12873.3132442|126.686755757|39.8288066012|[0.0, 2.8449147572285716, 8.5347442716857138, 14.224573786142857, 19.9144033006, 25.604232815057145, 31.29406232951429, 36.983891843971435]|[366.707, 304.436, 646.9264999999999, 422.05899999999997, 422.05899999999997]
