Landowners|Budget|Expected Damage|Run Time|Allocation|Levels|Allocation Method|Total Budget Used|Remaining Budget|Maximum Amount Offered|Level Amounts|Area of Each Landowner
3|20000|180.191519813|83.7851061833|[0, 0, 0]|2|Risk-based|0.0|20000.0|39.8288066012|[0.0, 39.8288066012]|[723.0355, 719.5759999999999, 719.5759999999999]
3|20000|142.107783629|83.480762426|[0, 2, 0]|5|Risk-based|14329.9266694|5670.07333057|39.8288066012|[0.0, 9.9572016503, 19.9144033006, 29.8716049509, 39.8288066012]|[723.0355, 719.5759999999999, 719.5759999999999]
3|20000|130.903012388|85.2384449969|[0, 6, 0]|10|Risk-based|19106.5688926|893.431107423|39.8288066012|[0.0, 4.4254229556888891, 8.8508459113777782, 13.276268867066667, 17.701691822755556, 22.127114778444444, 26.552537734133331, 30.977960689822218, 35.403383645511106, 39.828806601199993]|[723.0355, 719.5759999999999, 719.5759999999999]
3|20000|132.670846058|86.5411142274|[0, 9, 0]|15|Risk-based|18424.1914321|1575.80856787|39.8288066012|[0.0, 2.8449147572285716, 5.6898295144571431, 8.5347442716857138, 11.379659028914286, 14.224573786142859, 17.069488543371431, 19.914403300600004, 22.759318057828576, 25.604232815057149, 28.449147572285721, 31.294062329514293, 34.138977086742862, 36.983891843971435, 39.828806601200007]|[723.0355, 719.5759999999999, 719.5759999999999]
3|20000|129.921493921|87.3988909495|[0, 13, 0]|20|Risk-based|19609.3733371|390.626662882|39.8288066012|[0.0, 2.0962529790105262, 4.1925059580210524, 6.2887589370315791, 8.3850119160421048, 10.481264895052631, 12.577517874063156, 14.673770853073682, 16.77002383208421, 18.866276811094735, 20.962529790105261, 23.058782769115787, 25.155035748126313, 27.251288727136838, 29.347541706147364, 31.44379468515789, 33.540047664168419, 35.636300643178949, 37.732553622189478, 39.828806601200007]|[723.0355, 719.5759999999999, 719.5759999999999]
3|20000|129.482763518|86.6588743948|[0, 34, 0]|50|Risk-based|19886.4288474|113.571152624|39.8288066012|[0.0, 0.81283278777959189, 1.6256655755591838, 2.4384983633387756, 3.2513311511183676, 4.0641639388979591, 4.8769967266775511, 5.6898295144571431, 6.5026623022367351, 7.3154950900163271, 8.1283278777959183, 8.9411606655755094, 9.7539934533551005, 10.566826241134692, 11.379659028914283, 12.192491816693874, 13.005324604473465, 13.818157392253056, 14.630990180032647, 15.443822967812238, 16.256655755591829, 17.069488543371421, 17.882321331151012, 18.695154118930603, 19.507986906710194, 20.320819694489785, 21.133652482269376, 21.946485270048967, 22.759318057828558, 23.572150845608149, 24.384983633387741, 25.197816421167332, 26.010649208946923, 26.823481996726514, 27.636314784506105, 28.449147572285696, 29.261980360065287, 30.074813147844878, 30.887645935624469, 31.700478723404061, 32.513311511183652, 33.326144298963243, 34.138977086742834, 34.951809874522425, 35.764642662302016, 36.577475450081607, 37.390308237861198, 38.20314102564079, 39.015973813420381, 39.828806601199972]|[723.0355, 719.5759999999999, 719.5759999999999]
3|40000|116.955872292|84.4806679903|[0, 1, 0]|2|Risk-based|28659.8533389|11340.1466611|39.8288066012|[0.0, 39.8288066012]|[723.0355, 719.5759999999999, 719.5759999999999]
3|40000|95.4729407224|85.8511178683|[0, 3, 2]|5|Risk-based|35824.8166736|4175.18332642|39.8288066012|[0.0, 9.9572016503, 19.9144033006, 29.8716049509, 39.8288066012]|[723.0355, 719.5759999999999, 719.5759999999999]
3|40000|90.4915182928|86.2874022221|[0, 6, 6]|10|Risk-based|38213.1377852|1786.86221485|39.8288066012|[0.0, 4.4254229556888891, 8.8508459113777782, 13.276268867066667, 17.701691822755556, 22.127114778444444, 26.552537734133331, 30.977960689822218, 35.403383645511106, 39.828806601199993]|[723.0355, 719.5759999999999, 719.5759999999999]
3|40000|89.1758024621|86.705330212|[0, 10, 9]|15|Risk-based|38895.5152456|1104.4847544|39.8288066012|[0.0, 2.8449147572285716, 5.6898295144571431, 8.5347442716857138, 11.379659028914286, 14.224573786142859, 17.069488543371431, 19.914403300600004, 22.759318057828576, 25.604232815057149, 28.449147572285721, 31.294062329514293, 34.138977086742862, 36.983891843971435, 39.828806601200007]|[723.0355, 719.5759999999999, 719.5759999999999]
3|40000|88.3625944471|86.9495036437|[0, 14, 12]|20|Risk-based|39218.7466742|781.253325764|39.8288066012|[0.0, 2.0962529790105262, 4.1925059580210524, 6.2887589370315791, 8.3850119160421048, 10.481264895052631, 12.577517874063156, 14.673770853073682, 16.77002383208421, 18.866276811094735, 20.962529790105261, 23.058782769115787, 25.155035748126313, 27.251288727136838, 29.347541706147364, 31.44379468515789, 33.540047664168419, 35.636300643178949, 37.732553622189478, 39.828806601200007]|[723.0355, 719.5759999999999, 719.5759999999999]
3|40000|87.8678477911|84.4990431275|[0, 36, 32]|50|Risk-based|39772.8576948|227.142305248|39.8288066012|[0.0, 0.81283278777959189, 1.6256655755591838, 2.4384983633387756, 3.2513311511183676, 4.0641639388979591, 4.8769967266775511, 5.6898295144571431, 6.5026623022367351, 7.3154950900163271, 8.1283278777959183, 8.9411606655755094, 9.7539934533551005, 10.566826241134692, 11.379659028914283, 12.192491816693874, 13.005324604473465, 13.818157392253056, 14.630990180032647, 15.443822967812238, 16.256655755591829, 17.069488543371421, 17.882321331151012, 18.695154118930603, 19.507986906710194, 20.320819694489785, 21.133652482269376, 21.946485270048967, 22.759318057828558, 23.572150845608149, 24.384983633387741, 25.197816421167332, 26.010649208946923, 26.823481996726514, 27.636314784506105, 28.449147572285696, 29.261980360065287, 30.074813147844878, 30.887645935624469, 31.700478723404061, 32.513311511183652, 33.326144298963243, 34.138977086742834, 34.951809874522425, 35.764642662302016, 36.577475450081607, 37.390308237861198, 38.20314102564079, 39.015973813420381, 39.828806601199972]|[723.0355, 719.5759999999999, 719.5759999999999]
3|60000|65.994714441|85.2439603825|[0, 1, 1]|2|Risk-based|57319.7066777|2680.29332227|39.8288066012|[0.0, 39.8288066012]|[723.0355, 719.5759999999999, 719.5759999999999]
3|60000|58.6795799018|85.7830874782|[2, 3, 3]|5|Risk-based|57388.6005559|2611.39944405|39.8288066012|[0.0, 9.9572016503, 19.9144033006, 29.8716049509, 39.8288066012]|[723.0355, 719.5759999999999, 719.5759999999999]
3|60000|58.3008867071|87.4003308094|[5, 7, 6]|10|Risk-based|57396.2554313|2603.74456869|39.8288066012|[0.0, 4.4254229556888891, 8.8508459113777782, 13.276268867066667, 17.701691822755556, 22.127114778444444, 26.552537734133331, 30.977960689822218, 35.403383645511106, 39.828806601199993]|[723.0355, 719.5759999999999, 719.5759999999999]
3|60000|55.3461445913|86.0660495162|[8, 11, 10]|15|Risk-based|59445.5749199|554.425080101|39.8288066012|[0.0, 2.8449147572285716, 5.6898295144571431, 8.5347442716857138, 11.379659028914286, 14.224573786142859, 17.069488543371431, 19.914403300600004, 22.759318057828576, 25.604232815057149, 28.449147572285721, 31.294062329514293, 34.138977086742862, 36.983891843971435, 39.828806601200007]|[723.0355, 719.5759999999999, 719.5759999999999]
3|60000|56.4677952758|83.7391185623|[10, 15, 14]|20|Risk-based|58900.6398832|1099.36011684|39.8288066012|[0.0, 2.0962529790105262, 4.1925059580210524, 6.2887589370315791, 8.3850119160421048, 10.481264895052631, 12.577517874063156, 14.673770853073682, 16.77002383208421, 18.866276811094735, 20.962529790105261, 23.058782769115787, 25.155035748126313, 27.251288727136838, 29.347541706147364, 31.44379468515789, 33.540047664168419, 35.636300643178949, 37.732553622189478, 39.828806601200007]|[723.0355, 719.5759999999999, 719.5759999999999]
3|60000|55.0736346569|86.146232528|[28, 38, 36]|50|Risk-based|59738.0224029|261.977597052|39.8288066012|[0.0, 0.81283278777959189, 1.6256655755591838, 2.4384983633387756, 3.2513311511183676, 4.0641639388979591, 4.8769967266775511, 5.6898295144571431, 6.5026623022367351, 7.3154950900163271, 8.1283278777959183, 8.9411606655755094, 9.7539934533551005, 10.566826241134692, 11.379659028914283, 12.192491816693874, 13.005324604473465, 13.818157392253056, 14.630990180032647, 15.443822967812238, 16.256655755591829, 17.069488543371421, 17.882321331151012, 18.695154118930603, 19.507986906710194, 20.320819694489785, 21.133652482269376, 21.946485270048967, 22.759318057828558, 23.572150845608149, 24.384983633387741, 25.197816421167332, 26.010649208946923, 26.823481996726514, 27.636314784506105, 28.449147572285696, 29.261980360065287, 30.074813147844878, 30.887645935624469, 31.700478723404061, 32.513311511183652, 33.326144298963243, 34.138977086742834, 34.951809874522425, 35.764642662302016, 36.577475450081607, 37.390308237861198, 38.20314102564079, 39.015973813420381, 39.828806601199972]|[723.0355, 719.5759999999999, 719.5759999999999]
3|80000|65.5419859524|85.1400395947|[0, 1, 1]|2|Risk-based|57319.7066777|22680.2933223|39.8288066012|[0.0, 39.8288066012]|[723.0355, 719.5759999999999, 719.5759999999999]
3|80000|32.633621222|85.7923242557|[3, 4, 4]|5|Risk-based|78917.9374992|1082.06250079|39.8288066012|[0.0, 9.9572016503, 19.9144033006, 29.8716049509, 39.8288066012]|[723.0355, 719.5759999999999, 719.5759999999999]
3|80000|31.8484426603|85.0237628071|[7, 9, 9]|10|Risk-based|79717.8719741|282.128025924|39.8288066012|[0.0, 4.4254229556888891, 8.8508459113777782, 13.276268867066667, 17.701691822755556, 22.127114778444444, 26.552537734133331, 30.977960689822218, 35.403383645511106, 39.828806601199993]|[723.0355, 719.5759999999999, 719.5759999999999]
3|80000|31.3523049821|83.6049959893|[12, 14, 13]|15|Risk-based|79956.2666638|43.7333362156|39.8288066012|[0.0, 2.8449147572285716, 5.6898295144571431, 8.5347442716857138, 11.379659028914286, 14.224573786142859, 17.069488543371431, 19.914403300600004, 22.759318057828576, 25.604232815057149, 28.449147572285721, 31.294062329514293, 34.138977086742862, 36.983891843971435, 39.828806601200007]|[723.0355, 719.5759999999999, 719.5759999999999]
3|80000|32.9050689062|85.3347915873|[16, 18, 18]|20|Risk-based|78553.5251434|1446.47485663|39.8288066012|[0.0, 2.0962529790105262, 4.1925059580210524, 6.2887589370315791, 8.3850119160421048, 10.481264895052631, 12.577517874063156, 14.673770853073682, 16.77002383208421, 18.866276811094735, 20.962529790105261, 23.058782769115787, 25.155035748126313, 27.251288727136838, 29.347541706147364, 31.44379468515789, 33.540047664168419, 35.636300643178949, 37.732553622189478, 39.828806601200007]|[723.0355, 719.5759999999999, 719.5759999999999]
3|80000|31.6631044345|85.8092768843|[41, 48, 47]|50|Risk-based|79661.0071857|338.992814295|39.8288066012|[0.0, 0.81283278777959189, 1.6256655755591838, 2.4384983633387756, 3.2513311511183676, 4.0641639388979591, 4.8769967266775511, 5.6898295144571431, 6.5026623022367351, 7.3154950900163271, 8.1283278777959183, 8.9411606655755094, 9.7539934533551005, 10.566826241134692, 11.379659028914283, 12.192491816693874, 13.005324604473465, 13.818157392253056, 14.630990180032647, 15.443822967812238, 16.256655755591829, 17.069488543371421, 17.882321331151012, 18.695154118930603, 19.507986906710194, 20.320819694489785, 21.133652482269376, 21.946485270048967, 22.759318057828558, 23.572150845608149, 24.384983633387741, 25.197816421167332, 26.010649208946923, 26.823481996726514, 27.636314784506105, 28.449147572285696, 29.261980360065287, 30.074813147844878, 30.887645935624469, 31.700478723404061, 32.513311511183652, 33.326144298963243, 34.138977086742834, 34.951809874522425, 35.764642662302016, 36.577475450081607, 37.390308237861198, 38.20314102564079, 39.015973813420381, 39.828806601199972]|[723.0355, 719.5759999999999, 719.5759999999999]
3|100000|26.6998430794|85.6256569254|[1, 1, 1]|2|Risk-based|86117.347773|13882.652227|39.8288066012|[0.0, 39.8288066012]|[723.0355, 719.5759999999999, 719.5759999999999]
3|100000|26.853807738|84.11018853|[4, 4, 4]|5|Risk-based|86117.347773|13882.652227|39.8288066012|[0.0, 9.9572016503, 19.9144033006, 29.8716049509, 39.8288066012]|[723.0355, 719.5759999999999, 719.5759999999999]
3|100000|26.8616040199|86.0945352456|[9, 9, 9]|10|Risk-based|86117.347773|13882.652227|39.8288066012|[0.0, 4.4254229556888891, 8.8508459113777782, 13.276268867066667, 17.701691822755556, 22.127114778444444, 26.552537734133331, 30.977960689822218, 35.403383645511106, 39.828806601199993]|[723.0355, 719.5759999999999, 719.5759999999999]
3|100000|26.818459463|86.3310420353|[14, 14, 14]|15|Risk-based|86117.347773|13882.652227|39.8288066012|[0.0, 2.8449147572285716, 5.6898295144571431, 8.5347442716857138, 11.379659028914286, 14.224573786142859, 17.069488543371431, 19.914403300600004, 22.759318057828576, 25.604232815057149, 28.449147572285721, 31.294062329514293, 34.138977086742862, 36.983891843971435, 39.828806601200007]|[723.0355, 719.5759999999999, 719.5759999999999]
3|100000|26.6471751082|86.0333855764|[19, 19, 19]|20|Risk-based|86117.347773|13882.652227|39.8288066012|[0.0, 2.0962529790105262, 4.1925059580210524, 6.2887589370315791, 8.3850119160421048, 10.481264895052631, 12.577517874063156, 14.673770853073682, 16.77002383208421, 18.866276811094735, 20.962529790105261, 23.058782769115787, 25.155035748126313, 27.251288727136838, 29.347541706147364, 31.44379468515789, 33.540047664168419, 35.636300643178949, 37.732553622189478, 39.828806601200007]|[723.0355, 719.5759999999999, 719.5759999999999]
3|100000|26.9816482263|86.367896701|[49, 49, 49]|50|Risk-based|86117.347773|13882.652227|39.8288066012|[0.0, 0.81283278777959189, 1.6256655755591838, 2.4384983633387756, 3.2513311511183676, 4.0641639388979591, 4.8769967266775511, 5.6898295144571431, 6.5026623022367351, 7.3154950900163271, 8.1283278777959183, 8.9411606655755094, 9.7539934533551005, 10.566826241134692, 11.379659028914283, 12.192491816693874, 13.005324604473465, 13.818157392253056, 14.630990180032647, 15.443822967812238, 16.256655755591829, 17.069488543371421, 17.882321331151012, 18.695154118930603, 19.507986906710194, 20.320819694489785, 21.133652482269376, 21.946485270048967, 22.759318057828558, 23.572150845608149, 24.384983633387741, 25.197816421167332, 26.010649208946923, 26.823481996726514, 27.636314784506105, 28.449147572285696, 29.261980360065287, 30.074813147844878, 30.887645935624469, 31.700478723404061, 32.513311511183652, 33.326144298963243, 34.138977086742834, 34.951809874522425, 35.764642662302016, 36.577475450081607, 37.390308237861198, 38.20314102564079, 39.015973813420381, 39.828806601199972]|[723.0355, 719.5759999999999, 719.5759999999999]
4|20000|178.808729252|170.727426741|[0, 0, 0, 0]|2|Risk-based|0.0|20000.0|39.8288066012|[0.0, 39.8288066012]|[543.1415, 539.682, 539.682, 539.682]
4|20000|134.697818476|172.293963511|[0, 0, 3, 0]|5|Risk-based|16121.1675031|3878.83249689|39.8288066012|[0.0, 9.9572016503, 19.9144033006, 29.8716049509, 39.8288066012]|[543.1415, 539.682, 539.682, 539.682]
4|20000|127.638114576|173.653735899|[0, 2, 6, 0]|10|Risk-based|19106.5688926|893.431107423|39.8288066012|[0.0, 4.4254229556888891, 8.8508459113777782, 13.276268867066667, 17.701691822755556, 22.127114778444444, 26.552537734133331, 30.977960689822218, 35.403383645511106, 39.828806601199993]|[543.1415, 539.682, 539.682, 539.682]
4|20000|126.369176743|170.714606243|[0, 5, 8, 0]|15|Risk-based|19959.5407181|40.4592818618|39.8288066012|[0.0, 2.8449147572285716, 5.6898295144571431, 8.5347442716857138, 11.379659028914286, 14.224573786142859, 17.069488543371431, 19.914403300600004, 22.759318057828576, 25.604232815057149, 28.449147572285721, 31.294062329514293, 34.138977086742862, 36.983891843971435, 39.828806601200007]|[543.1415, 539.682, 539.682, 539.682]
4|20000|127.623299425|173.467736559|[0, 5, 12, 0]|20|Risk-based|19232.2700037|767.729996288|39.8288066012|[0.0, 2.0962529790105262, 4.1925059580210524, 6.2887589370315791, 8.3850119160421048, 10.481264895052631, 12.577517874063156, 14.673770853073682, 16.77002383208421, 18.866276811094735, 20.962529790105261, 23.058782769115787, 25.155035748126313, 27.251288727136838, 29.347541706147364, 31.44379468515789, 33.540047664168419, 35.636300643178949, 37.732553622189478, 39.828806601200007]|[543.1415, 539.682, 539.682, 539.682]
4|20000|126.692214678|176.947977597|[0, 15, 30, 0]|50|Risk-based|19740.2051059|259.794894149|39.8288066012|[0.0, 0.81283278777959189, 1.6256655755591838, 2.4384983633387756, 3.2513311511183676, 4.0641639388979591, 4.8769967266775511, 5.6898295144571431, 6.5026623022367351, 7.3154950900163271, 8.1283278777959183, 8.9411606655755094, 9.7539934533551005, 10.566826241134692, 11.379659028914283, 12.192491816693874, 13.005324604473465, 13.818157392253056, 14.630990180032647, 15.443822967812238, 16.256655755591829, 17.069488543371421, 17.882321331151012, 18.695154118930603, 19.507986906710194, 20.320819694489785, 21.133652482269376, 21.946485270048967, 22.759318057828558, 23.572150845608149, 24.384983633387741, 25.197816421167332, 26.010649208946923, 26.823481996726514, 27.636314784506105, 28.449147572285696, 29.261980360065287, 30.074813147844878, 30.887645935624469, 31.700478723404061, 32.513311511183652, 33.326144298963243, 34.138977086742834, 34.951809874522425, 35.764642662302016, 36.577475450081607, 37.390308237861198, 38.20314102564079, 39.015973813420381, 39.828806601199972]|[543.1415, 539.682, 539.682, 539.682]
4|40000|126.242232371|171.842974781|[0, 0, 1, 0]|2|Risk-based|21494.8900041|18505.1099959|39.8288066012|[0.0, 39.8288066012]|[543.1415, 539.682, 539.682, 539.682]
4|40000|89.4281794989|173.961160194|[0, 2, 3, 2]|5|Risk-based|37616.0575073|2383.94249274|39.8288066012|[0.0, 9.9572016503, 19.9144033006, 29.8716049509, 39.8288066012]|[543.1415, 539.682, 539.682, 539.682]
4|40000|88.3454689273|173.674125759|[0, 5, 6, 5]|10|Risk-based|38213.1377852|1786.86221485|39.8288066012|[0.0, 4.4254229556888891, 8.8508459113777782, 13.276268867066667, 17.701691822755556, 22.127114778444444, 26.552537734133331, 30.977960689822218, 35.403383645511106, 39.828806601199993]|[543.1415, 539.682, 539.682, 539.682]
4|40000|85.2317231845|172.400875237|[0, 8, 10, 8]|15|Risk-based|39919.0814363|80.9185637236|39.8288066012|[0.0, 2.8449147572285716, 5.6898295144571431, 8.5347442716857138, 11.379659028914286, 14.224573786142859, 17.069488543371431, 19.914403300600004, 22.759318057828576, 25.604232815057149, 28.449147572285721, 31.294062329514293, 34.138977086742862, 36.983891843971435, 39.828806601200007]|[543.1415, 539.682, 539.682, 539.682]
4|40000|85.8611755477|174.274469653|[0, 12, 13, 10]|20|Risk-based|39595.8500076|404.149992357|39.8288066012|[0.0, 2.0962529790105262, 4.1925059580210524, 6.2887589370315791, 8.3850119160421048, 10.481264895052631, 12.577517874063156, 14.673770853073682, 16.77002383208421, 18.866276811094735, 20.962529790105261, 23.058782769115787, 25.155035748126313, 27.251288727136838, 29.347541706147364, 31.44379468515789, 33.540047664168419, 35.636300643178949, 37.732553622189478, 39.828806601200007]|[543.1415, 539.682, 539.682, 539.682]
4|40000|85.3624704283|685.991941677|[0, 30, 35, 26]|50|Risk-based|39919.0814363|80.9185637236|39.8288066012|[0.0, 0.81283278777959189, 1.6256655755591838, 2.4384983633387756, 3.2513311511183676, 4.0641639388979591, 4.8769967266775511, 5.6898295144571431, 6.5026623022367351, 7.3154950900163271, 8.1283278777959183, 8.9411606655755094, 9.7539934533551005, 10.566826241134692, 11.379659028914283, 12.192491816693874, 13.005324604473465, 13.818157392253056, 14.630990180032647, 15.443822967812238, 16.256655755591829, 17.069488543371421, 17.882321331151012, 18.695154118930603, 19.507986906710194, 20.320819694489785, 21.133652482269376, 21.946485270048967, 22.759318057828558, 23.572150845608149, 24.384983633387741, 25.197816421167332, 26.010649208946923, 26.823481996726514, 27.636314784506105, 28.449147572285696, 29.261980360065287, 30.074813147844878, 30.887645935624469, 31.700478723404061, 32.513311511183652, 33.326144298963243, 34.138977086742834, 34.951809874522425, 35.764642662302016, 36.577475450081607, 37.390308237861198, 38.20314102564079, 39.015973813420381, 39.828806601199972]|[543.1415, 539.682, 539.682, 539.682]
4|60000|88.644194216|171.183123887|[0, 1, 1, 0]|2|Risk-based|42989.7800083|17010.2199917|39.8288066012|[0.0, 39.8288066012]|[543.1415, 539.682, 539.682, 539.682]
4|60000|54.6359891519|173.345154198|[2, 3, 3, 3]|5|Risk-based|59179.8413896|820.158610372|39.8288066012|[0.0, 9.9572016503, 19.9144033006, 29.8716049509, 39.8288066012]|[543.1415, 539.682, 539.682, 539.682]
4|60000|53.7107613086|173.658560937|[5, 7, 7, 6]|10|Risk-based|59784.5765429|215.423457122|39.8288066012|[0.0, 4.4254229556888891, 8.8508459113777782, 13.276268867066667, 17.701691822755556, 22.127114778444444, 26.552537734133331, 30.977960689822218, 35.403383645511106, 39.828806601199993]|[543.1415, 539.682, 539.682, 539.682]
4|60000|53.4397344931|173.156090533|[8, 10, 11, 10]|15|Risk-based|59957.3580152|42.6419847644|39.8288066012|[0.0, 2.8449147572285716, 5.6898295144571431, 8.5347442716857138, 11.379659028914286, 14.224573786142859, 17.069488543371431, 19.914403300600004, 22.759318057828576, 25.604232815057149, 28.449147572285721, 31.294062329514293, 34.138977086742862, 36.983891843971435, 39.828806601200007]|[543.1415, 539.682, 539.682, 539.682]
4|60000|54.7372495161|174.313972215|[10, 14, 15, 13]|20|Risk-based|58900.6398832|1099.36011684|39.8288066012|[0.0, 2.0962529790105262, 4.1925059580210524, 6.2887589370315791, 8.3850119160421048, 10.481264895052631, 12.577517874063156, 14.673770853073682, 16.77002383208421, 18.866276811094735, 20.962529790105261, 23.058782769115787, 25.155035748126313, 27.251288727136838, 29.347541706147364, 31.44379468515789, 33.540047664168419, 35.636300643178949, 37.732553622189478, 39.828806601200007]|[543.1415, 539.682, 539.682, 539.682]
4|60000|53.3934795126|206.069830357|[27, 35, 40, 34]|50|Risk-based|59735.2104079|264.789592081|39.8288066012|[0.0, 0.81283278777959189, 1.6256655755591838, 2.4384983633387756, 3.2513311511183676, 4.0641639388979591, 4.8769967266775511, 5.6898295144571431, 6.5026623022367351, 7.3154950900163271, 8.1283278777959183, 8.9411606655755094, 9.7539934533551005, 10.566826241134692, 11.379659028914283, 12.192491816693874, 13.005324604473465, 13.818157392253056, 14.630990180032647, 15.443822967812238, 16.256655755591829, 17.069488543371421, 17.882321331151012, 18.695154118930603, 19.507986906710194, 20.320819694489785, 21.133652482269376, 21.946485270048967, 22.759318057828558, 23.572150845608149, 24.384983633387741, 25.197816421167332, 26.010649208946923, 26.823481996726514, 27.636314784506105, 28.449147572285696, 29.261980360065287, 30.074813147844878, 30.887645935624469, 31.700478723404061, 32.513311511183652, 33.326144298963243, 34.138977086742834, 34.951809874522425, 35.764642662302016, 36.577475450081607, 37.390308237861198, 38.20314102564079, 39.015973813420381, 39.828806601199972]|[543.1415, 539.682, 539.682, 539.682]
4|80000|53.9390288418|172.311036745|[0, 1, 1, 1]|2|Risk-based|64484.6700124|15515.3299876|39.8288066012|[0.0, 39.8288066012]|[543.1415, 539.682, 539.682, 539.682]
4|80000|35.3873472206|171.219765219|[3, 4, 4, 3]|5|Risk-based|75335.4558318|4664.54416815|39.8288066012|[0.0, 9.9572016503, 19.9144033006, 29.8716049509, 39.8288066012]|[543.1415, 539.682, 539.682, 539.682]
4|80000|31.6644519783|173.729783651|[8, 8, 9, 8]|10|Risk-based|78937.0746876|1062.9253124|39.8288066012|[0.0, 4.4254229556888891, 8.8508459113777782, 13.276268867066667, 17.701691822755556, 22.127114778444444, 26.552537734133331, 30.977960689822218, 35.403383645511106, 39.828806601199993]|[543.1415, 539.682, 539.682, 539.682]
4|80000|30.6811547293|174.810776478|[12, 13, 14, 13]|15|Risk-based|79956.2666638|43.7333362156|39.8288066012|[0.0, 2.8449147572285716, 5.6898295144571431, 8.5347442716857138, 11.379659028914286, 14.224573786142859, 17.069488543371431, 19.914403300600004, 22.759318057828576, 25.604232815057149, 28.449147572285721, 31.294062329514293, 34.138977086742862, 36.983891843971435, 39.828806601200007]|[543.1415, 539.682, 539.682, 539.682]
4|80000|30.9459207887|171.682355317|[16, 18, 19, 17]|20|Risk-based|79307.7318102|692.268189821|39.8288066012|[0.0, 2.0962529790105262, 4.1925059580210524, 6.2887589370315791, 8.3850119160421048, 10.481264895052631, 12.577517874063156, 14.673770853073682, 16.77002383208421, 18.866276811094735, 20.962529790105261, 23.058782769115787, 25.155035748126313, 27.251288727136838, 29.347541706147364, 31.44379468515789, 33.540047664168419, 35.636300643178949, 37.732553622189478, 39.828806601200007]|[543.1415, 539.682, 539.682, 539.682]
4|80000|30.5645343181|176.252668946|[41, 46, 49, 46]|50|Risk-based|79953.4546688|46.545331245|39.8288066012|[0.0, 0.81283278777959189, 1.6256655755591838, 2.4384983633387756, 3.2513311511183676, 4.0641639388979591, 4.8769967266775511, 5.6898295144571431, 6.5026623022367351, 7.3154950900163271, 8.1283278777959183, 8.9411606655755094, 9.7539934533551005, 10.566826241134692, 11.379659028914283, 12.192491816693874, 13.005324604473465, 13.818157392253056, 14.630990180032647, 15.443822967812238, 16.256655755591829, 17.069488543371421, 17.882321331151012, 18.695154118930603, 19.507986906710194, 20.320819694489785, 21.133652482269376, 21.946485270048967, 22.759318057828558, 23.572150845608149, 24.384983633387741, 25.197816421167332, 26.010649208946923, 26.823481996726514, 27.636314784506105, 28.449147572285696, 29.261980360065287, 30.074813147844878, 30.887645935624469, 31.700478723404061, 32.513311511183652, 33.326144298963243, 34.138977086742834, 34.951809874522425, 35.764642662302016, 36.577475450081607, 37.390308237861198, 38.20314102564079, 39.015973813420381, 39.828806601199972]|[543.1415, 539.682, 539.682, 539.682]
4|100000|25.9723922853|171.811322612|[1, 1, 1, 1]|2|Risk-based|86117.347773|13882.652227|39.8288066012|[0.0, 39.8288066012]|[543.1415, 539.682, 539.682, 539.682]
4|100000|25.9041129697|173.693091404|[4, 4, 4, 4]|5|Risk-based|86117.347773|13882.652227|39.8288066012|[0.0, 9.9572016503, 19.9144033006, 29.8716049509, 39.8288066012]|[543.1415, 539.682, 539.682, 539.682]
4|100000|26.059166178|175.33187489|[9, 9, 9, 9]|10|Risk-based|86117.347773|13882.652227|39.8288066012|[0.0, 4.4254229556888891, 8.8508459113777782, 13.276268867066667, 17.701691822755556, 22.127114778444444, 26.552537734133331, 30.977960689822218, 35.403383645511106, 39.828806601199993]|[543.1415, 539.682, 539.682, 539.682]
4|100000|25.9300696349|174.134080475|[14, 14, 14, 14]|15|Risk-based|86117.347773|13882.652227|39.8288066012|[0.0, 2.8449147572285716, 5.6898295144571431, 8.5347442716857138, 11.379659028914286, 14.224573786142859, 17.069488543371431, 19.914403300600004, 22.759318057828576, 25.604232815057149, 28.449147572285721, 31.294062329514293, 34.138977086742862, 36.983891843971435, 39.828806601200007]|[543.1415, 539.682, 539.682, 539.682]
4|100000|25.9282567209|174.281232044|[19, 19, 19, 19]|20|Risk-based|86117.347773|13882.652227|39.8288066012|[0.0, 2.0962529790105262, 4.1925059580210524, 6.2887589370315791, 8.3850119160421048, 10.481264895052631, 12.577517874063156, 14.673770853073682, 16.77002383208421, 18.866276811094735, 20.962529790105261, 23.058782769115787, 25.155035748126313, 27.251288727136838, 29.347541706147364, 31.44379468515789, 33.540047664168419, 35.636300643178949, 37.732553622189478, 39.828806601200007]|[543.1415, 539.682, 539.682, 539.682]
4|100000|26.0970103648|174.122222538|[49, 49, 49, 49]|50|Risk-based|86117.347773|13882.652227|39.8288066012|[0.0, 0.81283278777959189, 1.6256655755591838, 2.4384983633387756, 3.2513311511183676, 4.0641639388979591, 4.8769967266775511, 5.6898295144571431, 6.5026623022367351, 7.3154950900163271, 8.1283278777959183, 8.9411606655755094, 9.7539934533551005, 10.566826241134692, 11.379659028914283, 12.192491816693874, 13.005324604473465, 13.818157392253056, 14.630990180032647, 15.443822967812238, 16.256655755591829, 17.069488543371421, 17.882321331151012, 18.695154118930603, 19.507986906710194, 20.320819694489785, 21.133652482269376, 21.946485270048967, 22.759318057828558, 23.572150845608149, 24.384983633387741, 25.197816421167332, 26.010649208946923, 26.823481996726514, 27.636314784506105, 28.449147572285696, 29.261980360065287, 30.074813147844878, 30.887645935624469, 31.700478723404061, 32.513311511183652, 33.326144298963243, 34.138977086742834, 34.951809874522425, 35.764642662302016, 36.577475450081607, 37.390308237861198, 38.20314102564079, 39.015973813420381, 39.828806601199972]|[543.1415, 539.682, 539.682, 539.682]
5|20000|135.624422757|345.596278892|[0, 0, 0, 1, 0]|2|Risk-based|17223.4695546|2776.53044539|39.8288066012|[0.0, 39.8288066012]|[432.4375, 432.4375, 432.4375, 432.4375, 432.4375]
5|20000|128.450436477|347.811337687|[0, 0, 2, 2, 0]|5|Risk-based|17223.4695546|2776.53044539|39.8288066012|[0.0, 9.9572016503, 19.9144033006, 29.8716049509, 39.8288066012]|[432.4375, 432.4375, 432.4375, 432.4375, 432.4375]
5|20000|124.1311479|342.000044089|[0, 0, 5, 5, 0]|10|Risk-based|19137.188394|862.811605993|39.8288066012|[0.0, 4.4254229556888891, 8.8508459113777782, 13.276268867066667, 17.701691822755556, 22.127114778444444, 26.552537734133331, 30.977960689822218, 35.403383645511106, 39.828806601199993]|[432.4375, 432.4375, 432.4375, 432.4375, 432.4375]
5|20000|122.321810901|349.60362525|[0, 0, 8, 8, 0]|15|Risk-based|19683.9652053|316.034794736|39.8288066012|[0.0, 2.8449147572285716, 5.6898295144571431, 8.5347442716857138, 11.379659028914286, 14.224573786142859, 17.069488543371431, 19.914403300600004, 22.759318057828576, 25.604232815057149, 28.449147572285721, 31.294062329514293, 34.138977086742862, 36.983891843971435, 39.828806601200007]|[432.4375, 432.4375, 432.4375, 432.4375, 432.4375]
5|20000|121.97092182|350.893968347|[0, 0, 11, 11, 0]|20|Risk-based|19942.9647474|57.035252561|39.8288066012|[0.0, 2.0962529790105262, 4.1925059580210524, 6.2887589370315791, 8.3850119160421048, 10.481264895052631, 12.577517874063156, 14.673770853073682, 16.77002383208421, 18.866276811094735, 20.962529790105261, 23.058782769115787, 25.155035748126313, 27.251288727136838, 29.347541706147364, 31.44379468515789, 33.540047664168419, 35.636300643178949, 37.732553622189478, 39.828806601200007]|[432.4375, 432.4375, 432.4375, 432.4375, 432.4375]
5|20000|122.324031936|3421.77876012|[0, 0, 28, 28, 0]|50|Risk-based|19683.9652053|316.034794736|39.8288066012|[0.0, 0.81283278777959189, 1.6256655755591838, 2.4384983633387756, 3.2513311511183676, 4.0641639388979591, 4.8769967266775511, 5.6898295144571431, 6.5026623022367351, 7.3154950900163271, 8.1283278777959183, 8.9411606655755094, 9.7539934533551005, 10.566826241134692, 11.379659028914283, 12.192491816693874, 13.005324604473465, 13.818157392253056, 14.630990180032647, 15.443822967812238, 16.256655755591829, 17.069488543371421, 17.882321331151012, 18.695154118930603, 19.507986906710194, 20.320819694489785, 21.133652482269376, 21.946485270048967, 22.759318057828558, 23.572150845608149, 24.384983633387741, 25.197816421167332, 26.010649208946923, 26.823481996726514, 27.636314784506105, 28.449147572285696, 29.261980360065287, 30.074813147844878, 30.887645935624469, 31.700478723404061, 32.513311511183652, 33.326144298963243, 34.138977086742834, 34.951809874522425, 35.764642662302016, 36.577475450081607, 37.390308237861198, 38.20314102564079, 39.015973813420381, 39.828806601199972]|[432.4375, 432.4375, 432.4375, 432.4375, 432.4375]
5|40000|99.1761330744|344.36655324|[0, 0, 1, 1, 0]|2|Risk-based|34446.9391092|5553.06089079|39.8288066012|[0.0, 39.8288066012]|[432.4375, 432.4375, 432.4375, 432.4375, 432.4375]
5|40000|85.9778514815|349.131334617|[0, 2, 3, 3, 1]|5|Risk-based|38752.8064979|1247.19350214|39.8288066012|[0.0, 9.9572016503, 19.9144033006, 29.8716049509, 39.8288066012]|[432.4375, 432.4375, 432.4375, 432.4375, 432.4375]
5|40000|87.0063621214|349.500043378|[0, 4, 6, 6, 4]|10|Risk-based|38274.376788|1725.62321199|39.8288066012|[0.0, 4.4254229556888891, 8.8508459113777782, 13.276268867066667, 17.701691822755556, 22.127114778444444, 26.552537734133331, 30.977960689822218, 35.403383645511106, 39.828806601199993]|[432.4375, 432.4375, 432.4375, 432.4375, 432.4375]
5|40000|84.6624898155|354.422161307|[0, 7, 9, 10, 6]|15|Risk-based|39367.9304105|632.069589471|39.8288066012|[0.0, 2.8449147572285716, 5.6898295144571431, 8.5347442716857138, 11.379659028914286, 14.224573786142859, 17.069488543371431, 19.914403300600004, 22.759318057828576, 25.604232815057149, 28.449147572285721, 31.294062329514293, 34.138977086742862, 36.983891843971435, 39.828806601200007]|[432.4375, 432.4375, 432.4375, 432.4375, 432.4375]
5|40000|83.5846459188|486.066885158|[0, 10, 13, 13, 8]|20|Risk-based|39885.9294949|114.070505122|39.8288066012|[0.0, 2.0962529790105262, 4.1925059580210524, 6.2887589370315791, 8.3850119160421048, 10.481264895052631, 12.577517874063156, 14.673770853073682, 16.77002383208421, 18.866276811094735, 20.962529790105261, 23.058782769115787, 25.155035748126313, 27.251288727136838, 29.347541706147364, 31.44379468515789, 33.540047664168419, 35.636300643178949, 37.732553622189478, 39.828806601200007]|[432.4375, 432.4375, 432.4375, 432.4375, 432.4375]
